1
3
12
25
30
47
50
52
56
59
67
69
74
79
82
89
95
101
102
104
119
122
146
147
148
149
150
158
159
164
173
184
191
199
207
223
224
226
231
236
241
244
250
253
264
279
290
294
303
305
328
335
357
359
366
367
369
372
378
386
387
410
411
412
426
430
435
438
439
443
445
453
457
459
466
476
496
513
515
521
522
535
536
537
539
540
541
546
550
561
564
566
573
594
603
607
608
612
623
638
647
651
654
659
662
667
676
681
692
695
703
717
721
724
739
745
748
754
759
765
796
802
805
812
817
822
840
846
851
852
853
858
863
871
875
876
901
909
917
924
927
928
931
936
940
946
949
950
959
963
969
971
976
980
983
989
997
1006
1014
1022
1031
1033
1040
1051
1055
1056
1087
1088
1107
1109
1115
1121
1126
1150
1155
1158
1160
1177
1178
1180
1182
1189
1190
1194
1201
1204
1215
1222
1230
1234
1236
1246
1252
1262
1263
1264
1268
1270
1282
1284
1287
1288
1292
1296
1297
1300
1302
1307
1310
1312
1315
1328
1354
1357
1371
1372
1373
1409
1411
1416
1419
1425
1440
1441
1445
1449
1457
1461
1462
1464
1473
1488
1493
1503
1513
1527
1528
1529
1532
1537
1539
1572
1576
1579
1580
1584
1589
1601
1603
1604
1608
1609
1621
1634
1636
1638
1642
1645
1646
1656
1662
1665
1666
1672
1675
1691
1697
1700
1713
1717
1723
1726
1730
1738
1744
1746
1751
1762
1764
1777
1783
1784
1792
1797
1800
1803
1819
1829
1831
1833
1854
1857
1870
1871
1872
1875
1879
1881
1884
1889
1900
1914
1915
1917
1919
1920
1925
1929
1930
1932
1934
1947
1948
1955
1959
1970
1971
1972
1973
1981
1987
1990
1993
1994
2000
2006
2011
2013
2024
2031
2040
2041
2049
2050
2058
2063
2072
2074
2080
2082
2092
2105
2123
2133
2135
2137
2140
2156
2157
2162
2166
2167
2176
2182
2187
2194
2206
2207
2213
2224
2225
2235
2238
2265
2270
2272
2277
2279
2285
2292
2293
2306
2310
2317
2336
2337
2343
2350
2366
2369
2371
2379
2382
2383
2385
2388
2393
2394
2397
2401
2423
2426
2438
2442
2444
2447
2457
2461
2465
2467
2471
2472
2474
2481
2484
2498
2509
2514
2525
2526
2528
2531
2542
2548
2550
2552
2553
2563
2564
2568
2569
2573
2582
2596
2600
2605
2613
2616
2618
2621
2628
2629
2631
2635
2637
2643
2645
2652
2663
2664
2671
2674
2682
2691
2695
2697
2703
2709
2710
2717
2718
2728
2729
2731
2738
2739
