0 1 2 |PI655972|0.0007055279144325867
3 4 |PI508366|0.004042133777341234
5 6 7 |PI195754|0.00890617746538054
8 9 10 |PI656026|0.01782238702093267
11 12 |PI506069|0.002531848744240777
13 14 15 |PI152651|0.04603233776650187
16 17 18 |PI655981|0.009193780845287472
19 20 21 |PI656035|0.0037424523015094752
22 23 24 |PI655978|0.004596010335964127
25 26 27 |PI656015|0.0006841335461635446
28 29 30 |PI253986|0.0054543077342796625
31 32 33 |PI195754|0.00890617746538054
34 35 36 |PI642998|0.0011536357594689657
37 |PI505722|0.0
38 39 |PI329319|0.005361835567493429
40 41 42 |PI229841|0.01220625918978036
43 44 45 |PI330196|0.05179455042073728
46 47 |PI452692|0.006365827384572435
48 49 50 |PI330807|0.0695717435065259
51 52 53 |PI533998|0.011245936754183297
54 55 56 |PI329333|0.004656300179927214
57 58 |PI329299|0.001247863723154226
59 60 61 |PI455307|0.014481576495703237
62 |PI297171|0.0
63 64 65 |PI329351|0.024348160024119422
66 67 68 |PI226096|0.005653268766902268
69 |PI453177|0.0
70 71 |PI542718|0.016273778144775992
72 |PI297130|0.0
73 74 75 |PI329403|0.01862772444887487
76 77 |PI329617|0.00044063998384949167
78 79 80 |PI586499|0.002521865420357124
81 82 83 |PI570254|0.0540396820422884
84 85 86 |PI330195|0.023536142483444406
87 88 |PI620157|0.001361542566156158
89 90 91 |PI563020|0.07204278152961145
92 93 94 |PI562990|0.07005680067013786
95 96 97 |PI570393|0.07571604562101607
98 99 |PI563329|0.007111390513494487
100 101 102 |PI562994|0.11030212812501611
103 104 105 |PI329570|0.07770559811293919
106 107 108 |PI329710|0.044302738824635424
109 110 111 |PI330184|0.011845715619544365
112 113 |PI620072|4.8090049548141627e-05
114 115 |PI619838|0.004241341872467028
116 117 118 |PI329702|0.04974867695193017
119 120 121 |PI563009|0.06480566100619158
122 123 |PI156268|0.0502992034102903
124 125 126 |PI330167|0.02692904008656535
127 128 129 |PI505717|0.030576359811062045
130 131 |PI570145|0.0010168383200197645
132 |PI329646|0.0
133 134 |PI585406|0.08749883997533822
135 136 |PI329632|0.012399644586324117
137 138 |PI329569|3.918306016759005e-05
139 140 141 |PI569886|0.044999531073117625
142 |PI563330|0.0
143 144 |PI563006|0.0307019142568064
145 146 147 |PI329605|0.009073822211226016
148 149 |PI562991|0.00035242690441476463
150 151 152 |PI226096|0.005653268766902268
153 154 155 |PI655983|0.014808298797959795
156 157 |PI329506|0.0018405714502517968
158 159 160 |PI656015|0.0006841335461635446
161 162 163 |PI329466|0.010954872510977565
164 165 166 |PI276837|0.003764200957632268
167 168 169 |PI651496|0.021151308247068058
170 171 |PI329584|0.010766617492164218
172 173 |PI329585|0.0022484823184264167
174 175 |PI329510|0.0005752917823120823
176 177 |PI329471|0.11066363333449353
178 179 180 |PI656065|0.00791547371897403
181 182 183 |PI576401|0.0012208990697101145
184 185 |PI329480|0.02246105699887241
186 187 188 |PI564163|0.0021690158407345135
189 190 191 |PI329478|0.06350617957317274
192 193 194 |PI251672|0.00017338799155186373
195 196 197 |PI569244|0.0061906410046876255
198 199 200 |PI152961|0.01501635580288105
201 202 |PI146890|0.0014055492899736671
203 204 205 |PI152965|0.015182499075743483
206 207 |PI513898|3.8107607594542914e-06
208 209 210 |PI641836|0.004826218194631165
211 212 |PI569423|0.011362452460548803
213 214 |PI329510|0.0005752917823120823
215 216 217 |PI562971|0.10177616959446001
218 219 |PI563348|0.004167218328195825
220 221 |PI570053|0.0025606666243451035
222 223 224 |PI167093|0.011868289925248722
225 226 227 |PI226096|0.005653268766902268
228 229 |PI330833|0.004896633734094094
230 231 232 |PI655972|0.0007055279144325867
233 234 235 |PI533998|0.011245936754183297
236 |PI329301|0.0
237 238 239 |PI156871|0.030417789290957484
240 241 242 |PI155760|0.006973436259280596
243 244 |PI521290|2.70401411177123e-06
245 246 247 |PI329551|0.03418145527944278
248 249 250 |PI535796|0.02032747023132994
251 252 253 |PI152751|0.014806093037836747
254 255 |PI585577|0.08294095192734853
256 257 258 |PI570090|0.02491837463091077
259 260 261 |PI651496|0.021151308247068058
262 263 |PI569460|1.4951192469123562e-05
264 265 |PI573193|0.0037668628347403313
266 267 |PI562981|0.01894745097812545
268 269 270 |PI563222|0.004094713980911861
271 272 |PI585461|0.0020914205850647385
273 274 |PI329545|0.0018378443917943582
275 276 277 |PI152816|0.051351752357414245
278 279 |PI569427|0.00010888722014071425
280 281 282 |PI569454|0.09479552560598031
283 284 |PI563006|0.0307019142568064
285 286 |PI329518|0.003091712973738673
287 288 289 |PI563196|0.006500015775641869
290 291 |PI620157|0.001361542566156158
292 293 294 |PI330858|0.031519691296919415
295 296 297 |PI154844|0.002784989032728842
298 299 |PI506069|0.002531848744240777
300 301 302 |PI330181|0.018777416329566275
303 |PI452619|0.0
304 305 306 |PI153877|0.029773154598374943
307 |PI329646|0.0
308 309 |PI329480|0.02246105699887241
310 311 |PI514456|0.011405434319311571
312 313 314 |PI330184|0.011845715619544365
315 316 317 |PI535792|0.02401711020979821
318 319 |PI329569|3.918306016759005e-05
320 321 322 |PI586541|0.008026924320016896
323 324 325 |PI330185|0.010439920149982842
326 327 328 |PI152694|0.05134448536495165
329 330 331 |PI144134|0.05029093114553348
332 333 |PI646242|0.001458827222299135
334 335 |PI620072|4.8090049548141627e-05
336 337 |PI330168|4.6152274296309036e-05
338 339 |PI221651|0.0009259980099403883
340 341 |PI255239|0.005999028453351658
342 343 |PI152730|0.004644234853231784
344 345 346 |PI586499|0.002521865420357124
347 |PI563330|0.0
348 349 |PI563355|0.0011217650991712908
350 351 352 |PI569457|0.053352890367996564
353 354 |PI569458|0.0001969480205004237
355 356 |PI329299|0.001247863723154226
357 358 |PI570087|0.00013259967318819015
359 360 |PI155149|0.007695915532121282
361 362 |PI550604|0.004255890907900553
363 364 365 |PI563009|0.06480566100619158
366 367 |PI329471|0.11066363333449353
368 369 370 |PI156487|0.059281325135807895
371 372 373 |PI563022|0.04327364438443617
374 |PI521280|0.0
375 376 |PI329541|0.0031537878985396016
377 378 379 |PI535793|0.004261895753567114
380 381 382 |PI329605|0.009073822211226016
383 384 385 |PI291246|0.01791023634356782
386 387 388 |PI535785|0.002921146850636104
389 390 391 |PI155516|0.03808145554005374
392 393 |PI585454|0.004942406979752138
394 395 396 |PI525049|0.02487019489183522
397 398 |PI585452|0.001114514651523526
399 400 401 |PI564163|0.0021690158407345135
402 403 404 |PI329338|0.005940270431444014
405 406 |PI570039|0.0005243838830079988
407 408 409 |PI365512|0.008999114949929029
410 411 |PI569453|0.002386103521959903
412 413 |PI329546|0.0071854906454743555
414 415 |PI619838|0.004241341872467028
416 417 418 |PI534165|0.002767991244193554
419 420 |PI562970|0.004877821891010986
421 422 423 |PI329351|0.024348160024119422
424 425 |PI329550|0.001325466728939587
426 427 428 |PI655981|0.009193780845287472
429 430 431 |PI562897|0.08764878444257108
432 433 434 |PI329440|0.09188999724334646
435 436 437 |PI526905|0.00865380724280721
438 439 |PI156326|0.005858071062626072
440 441 442 |PI586443|0.05834631900643902
443 444 445 |PI330167|0.02692904008656535
446 447 448 |PI255744|0.0483160859261626
449 450 |PI569455|4.285139698119317e-05
451 452 453 |PI152771|0.013746330640215396
454 455 456 |PI218112|0.006737976985721584
457 458 |PI585966|0.0059619651549896
459 460 |PI156203|0.00016084224104779025
461 462 463 |PI196598|0.004590800666396452
464 465 |PI35038|0.001258644225079579
466 467 |PI585448|0.002910377348411702
468 469 |PI535783|0.0011488178188255498
470 471 |PI570031|0.0015157264043326392
472 473 474 |PI181899|0.006893377919593211
475 476 |PI569446|0.003668775165452586
477 478 479 |PI329710|0.044302738824635424
480 481 482 |PI569447|0.010795416924178453
483 484 |PI329673|0.0005402561112570532
485 486 |PI453106|0.030090288549041777
487 488 |PI455217|0.04234116612453326
489 490 491 |PI257599|0.026993571294755558
492 493 |PI569443|0.008902524975252566
494 495 |PI570042|0.0002921872069869503
496 497 498 |PI329711|0.13186008704231655
499 500 501 |PI569445|0.025058391880237507
502 503 504 |PI656065|0.00791547371897403
505 |PI453177|0.0
506 507 508 |PI570254|0.0540396820422884
509 510 |PI570400|0.0021639624404523163
511 512 513 |PI195754|0.00890617746538054
514 515 |PI329319|0.005361835567493429
516 517 518 |PI152923|0.06558620019502914
519 520 521 |PI273969|0.06928857571924724
522 523 |PI570145|0.0010168383200197645
524 525 |PI570373|0.0005767936460633052
526 527 528 |PI655978|0.004596010335964127
529 530 531 |PI562732|0.006513817465173869
532 533 534 |PI562730|0.01004233091828867
535 536 |PI329326|0.0014769808252322477
537 538 539 |PI569886|0.044999531073117625
540 541 |PI297155|0.004188634014993368
542 543 544 |PI329554|0.08301895856204115
545 546 547 |PI197542|0.008925549496166234
548 549 550 |PI533902|0.0005735939301125807
551 552 |PI303658|0.06731921438888322
553 554 |PI337680|0.007843587562629817
555 556 557 |PI655983|0.014808298797959795
558 559 |PI570371|0.004125794209816226
560 561 562 |PI329702|0.04974867695193017
563 564 565 |PI452544|0.046221579242928
566 567 568 |PI569090|0.018669723408345704
569 570 571 |PI561840|0.0016569906238743009
572 573 574 |PI329665|0.003841471982499818
575 576 577 |PI569444|0.11780450283924641
578 579 580 |PI593916|0.0006067244549095436
581 582 |PI329286|0.0026797321403173842
583 584 |PI641834|0.043305919866804585
585 586 |PI152963|6.967147837979988e-05
587 588 589 |PI569421|0.044645572888826014
590 591 |PI156393|0.04392468638944351
592 593 594 |PI570096|0.027932547213495428
595 596 |PI651493|0.009503711873049634
597 598 |PI646251|0.0013739522637290045
599 600 601 |PI157804|0.014520680000019166
602 603 604 |PI452542|0.04620360954255396
605 606 |PI329584|0.010766617492164218
607 608 |PI570109|0.00015299029133005962
609 610 611 |PI656015|0.0006841335461635446
612 613 614 |PI329333|0.004656300179927214
615 616 617 |PI253986|0.0054543077342796625
618 619 620 |PI152828|0.019740268497340206
621 622 623 |PI152967|0.006202880047817234
624 625 626 |PI196583|0.000827373140966505
627 628 |PI196049|0.0006326657918773
629 630 |PI156890|0.03502749334494609
631 632 633 |PI585954|0.08734589003473518
634 635 |PI569148|0.01701847745901258
636 637 638 |PI180348|0.07634658560683302
639 640 641 |PI329570|0.07770559811293919
642 643 644 |PI576399|0.0018302236173290806
645 646 647 |PI569452|0.0028492176851452875
648 649 |PI181083|0.0035113532756875544
650 651 652 |PI157033|0.020203672367873526
653 654 655 |PI329435|0.005474324684615871
656 657 658 |PI569462|0.06089013930363844
659 |PI329614|0.0
660 661 |PI585467|0.0002885904120680131
662 663 664 |PI154944|0.010049820468464258
665 666 |PI569435|1.3456935907529205e-05
667 668 |PI266927|0.015197209661936103
669 670 |PI570038|0.0010168383200197576
671 672 673 |PI505717|0.030576359811062045
674 675 676 |PI533792|0.003746138374753697
677 678 |PI154846|0.0053381778307290545
679 680 681 |PI156217|0.09170125358707791
682 683 684 |PI563332|0.03625382307086885
685 686 687 |PI22913|0.012717273991359126
688 689 |PI569419|0.00278762850533598
690 691 692 |PI524475|0.07052153329414118
693 694 695 |PI540518|0.0019820483844078494
696 697 |PI562997|0.00825795142587768
698 699 700 |PI563020|0.07204278152961145
701 702 |PI569418|0.0016646615783204922
703 704 705 |PI563021|0.09242521927607196
706 707 708 |PI330182|0.03853473943412165
709 710 |PI155885|0.0019236832871347984
711 712 713 |PI562998|0.06535551185416598
714 715 716 |PI570393|0.07571604562101607
717 718 |PI329644|0.009345348457546709
719 720 721 |PI521281|0.06776540498489314
722 |PI552851|0.0
723 724 725 |PI535795|0.0033521702434153983
726 727 728 |PI329864|0.020980565871915838
729 730 |PI330796|0.012265267198420396
731 732 733 |PI329466|0.010954872510977565
734 735 736 |PI250583|0.0019724338825287944
737 738 739 |PI329465|0.005449426934099129
740 741 742 |PI229841|0.01220625918978036
743 744 745 |PI213900|0.0015995290182725073
746 747 748 |PI181080|0.006306138570504921
749 750 |PI569459|0.120227548934952
751 752 753 |PI154987|0.002921449645442877
754 755 |PI156268|0.0502992034102903
756 757 |PI329310|0.005512418863464488
758 759 760 |PI330169|0.0005947029285534525
761 762 |PI329865|0.004800605452153562
763 764 765 |PI535794|0.021912207216422643
766 767 768 |PI641824|0.01735759564824178
769 770 771 |PI653617|0.014538828472308965
772 773 774 |PI653616|0.030899684671321936
775 776 777 |PI329394|0.0420457237297013
778 779 |PI329501|0.0001305890462165851
780 781 |PI542718|0.016273778144775992
782 783 |PI510757|0.003997116029564639
784 785 786 |PI329699|0.01278658117706249
787 788 789 |PI569097|0.015664984983919685
790 791 792 |PI569420|0.1538532030183013
793 794 |PI570106|0.00043222531244787053
795 796 797 |PI455301|0.0036917227972629355
798 799 |PI337689|0.002221137179999283
800 801 802 |PI511355|0.011192529684434453
803 804 805 |PI145626|0.04255420881244471
806 807 808 |PI329403|0.01862772444887487
809 810 811 |PI570388|0.0005810130784667989
812 813 |PI619807|0.006954562819432285
814 815 |PI329517|0.0005607637959995686
816 817 818 |PI646266|0.01346557193238823
819 |PI329583|0.0
820 821 822 |PI329473|0.007538958846934122
823 824 825 |PI300119|0.0017072730511389293
826 827 |PI569422|0.001809869548331287
828 829 |PI156018|0.0040256668662350835
830 831 832 |PI196586|0.00229670450166772
833 834 835 |PI157030|0.06680470939097631
836 837 |PI643016|0.012060455551479408
838 839 840 |PI527045|0.0022784075004685755
841 842 843 |PI152862|0.026673263240331136
844 845 |PI330803|8.574456078749175e-06
846 847 |PI641821|0.0013634820596979587
848 849 850 |PI170787|0.016832119815927724
851 852 |PI570085|0.0052195986983179805
853 854 855 |PI92270|0.0058993043043190675
856 857 858 |PI521152|0.0558879078266629
859 860 |PI329519|0.0026293707983269946
861 862 863 |PI329841|0.017431835963036147
864 865 866 |PI302252|0.004732970134947852
867 868 869 |PI253986|0.0054543077342796625
870 871 872 |PI156463|0.002078396704944195
873 874 |PI267573|0.0020004562534663367
875 876 |PI570114|0.0013249535740056618
877 878 |PI329843|0.017919564180460347
879 880 |PI452692|0.006365827384572435
881 882 883 |PI154750|0.038317884042539004
884 885 |PI329300|0.0004169296829098725
886 887 888 |PI455307|0.014481576495703237
889 890 |PI562781|0.0007357697326687068
891 892 |PI329585|0.0022484823184264167
893 894 895 |PI562982|0.12297286274215509
896 897 898 |PI570091|0.06662786943215257
899 900 901 |PI152966|0.007885817089827512
902 903 904 |PI585608|0.07915545256634149
905 906 |PI329615|0.0008226865248534836
907 908 |PI570071|0.007390430747734507
909 910 911 |PI329256|0.0063145467683088504
912 913 914 |PI329511|0.03125458048811533
915 916 |PI570073|6.631298402034081e-05
917 918 |PI273465|0.0005678224140353077
919 920 921 |PI276837|0.003764200957632268
922 923 924 |PI152733|0.0002432289729319823
925 926 927 |PI521019|0.052965796496760253
928 929 930 |PI253986|0.0054543077342796625
931 932 |PI221548|0.0327852828136503
933 934 |PI570075|1.3528004069477894e-06
935 936 |PI145632|0.019637887452427887
937 938 |PI570074|3.7939709716777335e-05
939 940 |PI563338|0.014904669616294032
941 942 |PI329618|0.0003426119889434284
943 944 945 |PI330199|0.009352777539734673
946 947 948 |PI583832|0.008997291794080797
949 950 951 |PI656035|0.0037424523015094752
952 953 954 |PI642998|0.0011536357594689657
955 956 |PI585406|0.08749883997533822
957 958 959 |PI563350|0.03998540555400749
960 961 |PI329617|0.00044063998384949167
962 963 964 |PI562994|0.11030212812501611
965 966 967 |PI570110|0.04590768532914704
968 969 970 |PI257600|0.0036745645787990312
971 972 973 |PI570076|0.014829927686683883
974 975 976 |PI330195|0.023536142483444406
977 978 979 |PI562990|0.07005680067013786
980 981 |PI329506|0.0018405714502517968
982 983 984 |PI145633|0.008442954261714439
985 986 987 |PI152971|0.02112168230528684
988 989 990 |PI656026|0.01782238702093267
991 992 |PI506030|0.0006695886352933894
993 994 995 |PI562985|0.03498146381962128
996 997 998 |PI455280|0.02211916783734595
999 1000 |PI152860|0.03421825331446039
1001 1002 |PI643008|0.02649330308975517
1003 1004 1005 |PI330807|0.0695717435065259
1006 1007 |PI145619|0.015211499032731609
1008 1009 1010 |PI585961|0.06347463044062265
1011 1012 |PI562991|0.00035242690441476463
1013 1014 1015 |PI576401|0.0012208990697101145
1016 1017 |PI508366|0.004042133777341234
1018 1019 1020 |PI330196|0.05179455042073728
1021 1022 |PI152728|2.6377633220482253e-05
1023 1024 |PI329632|0.012399644586324117
1025 1026 |PI569264|0.011532625273789555
1027 1028 1029 |PI157035|0.03785259497887873
1030 1031 1032 |PI563002|0.07318290680082298
1033 1034 |PI563329|0.007111390513494487
1035 1036 1037 |PI566819|0.003932468318929642
1038 1039 |PI585577|0.08294095192734853
1040 |PI297171|0.0
1041 1042 |PI570373|0.0005767936460633052
1043 1044 1045 |PI563002|0.07318290680082298
1046 1047 1048 |PI585608|0.07915545256634149
1049 |PI506114|0.0
1050 |PI521280|0.0
1051 1052 |PI452692|0.006365827384572435
1053 1054 1055 |PI521019|0.052965796496760253
1056 1057 1058 |PI562730|0.01004233091828867
1059 1060 1061 |PI455280|0.02211916783734595
1062 1063 |PI453106|0.030090288549041777
1064 1065 |PI562981|0.01894745097812545
1066 1067 |PI562781|0.0007357697326687068
1068 |PI297130|0.0
1069 1070 1071 |PI562998|0.06535551185416598
1072 1073 1074 |PI585954|0.08734589003473518
1075 |PI552851|0.0
1076 1077 |PI505735|0.0005369588205776907
1078 1079 1080 |PI563020|0.07204278152961145
1081 1082 |PI506030|0.0006695886352933894
1083 1084 |PI562991|0.00035242690441476463
1085 1086 1087 |PI562994|0.11030212812501611
1088 1089 |PI521290|2.70401411177123e-06
1090 1091 |PI152730|0.004644234853231784
1092 1093 1094 |PI569244|0.0061906410046876255
1095 1096 1097 |PI562971|0.10177616959446001
1098 1099 1100 |PI152971|0.02112168230528684
1101 1102 1103 |PI521152|0.0558879078266629
1104 1105 |PI569264|0.011532625273789555
1106 1107 1108 |PI330184|0.011845715619544365
1109 1110 1111 |PI455301|0.0036917227972629355
1112 1113 1114 |PI505717|0.030576359811062045
1115 1116 1117 |PI452544|0.046221579242928
1118 1119 1120 |PI563022|0.04327364438443617
1121 1122 1123 |PI524475|0.07052153329414118
1124 1125 1126 |PI167093|0.011868289925248722
1127 1128 1129 |PI152727|0.0491991395063725
1130 1131 |PI513898|3.8107607594542914e-06
1132 |PI506122|0.0
1133 1134 1135 |PI570388|0.0005810130784667989
1136 1137 1138 |PI152591|0.06994069386404429
1139 1140 1141 |PI563332|0.03625382307086885
1142 1143 |PI619807|0.006954562819432285
1144 1145 1146 |PI562732|0.006513817465173869
1147 1148 1149 |PI152971|0.02112168230528684
1150 1151 1152 |PI154844|0.002784989032728842
1153 1154 1155 |PI153877|0.029773154598374943
1156 1157 |PI267573|0.0020004562534663367
1158 |PI453177|0.0
1159 1160 |PI562997|0.00825795142587768
1161 1162 1163 |PI562982|0.12297286274215509
1164 1165 |PI563329|0.007111390513494487
1166 1167 |PI455217|0.04234116612453326
1168 1169 1170 |PI563021|0.09242521927607196
1171 1172 |PI585966|0.0059619651549896
1173 1174 1175 |PI253986|0.0054543077342796625
1176 1177 1178 |PI452542|0.04620360954255396
1179 1180 |PI563006|0.0307019142568064
1181 1182 1183 |PI455307|0.014481576495703237
1184 1185 |PI563355|0.0011217650991712908
1186 1187 1188 |PI562990|0.07005680067013786
1189 1190 1191 |PI534165|0.002767991244193554
1192 1193 |PI562970|0.004877821891010986
1194 1195 1196 |PI562985|0.03498146381962128
1197 1198 1199 |PI562897|0.08764878444257108
1200 |PI452619|0.0
1201 |PI563330|0.0
1202 1203 1204 |PI585961|0.06347463044062265
1205 1206 1207 |PI524475|0.07052153329414118
1208 1209 1210 |PI521281|0.06776540498489314
1211 |PI521280|0.0
1212 1213 1214 |PI562985|0.03498146381962128
1215 1216 1217 |PI525049|0.02487019489183522
1218 1219 1220 |PI562982|0.12297286274215509
1221 1222 |PI521290|2.70401411177123e-06
1223 1224 1225 |PI562897|0.08764878444257108
1226 1227 |PI562970|0.004877821891010986
1228 1229 1230 |PI562732|0.006513817465173869
1231 1232 1233 |PI52606|0.036808793351320986
1234 1235 1236 |PI533792|0.003746138374753697
1237 1238 1239 |PI576399|0.0018302236173290806
1240 1241 1242 |PI653616|0.030899684671321936
1243 1244 1245 |PI533902|0.0005735939301125807
1246 1247 1248 |PI330167|0.02692904008656535
1249 1250 1251 |PI563009|0.06480566100619158
1252 1253 1254 |PI330169|0.0005947029285534525
1255 1256 |PI569148|0.01701847745901258
1257 1258 |PI337689|0.002221137179999283
1259 1260 1261 |PI329864|0.020980565871915838
1262 1263 |PI585448|0.002910377348411702
1264 1265 |PI329546|0.0071854906454743555
1266 1267 |PI35038|0.001258644225079579
1268 1269 |PI330168|4.6152274296309036e-05
1270 1271 |PI35038|0.001258644225079579
1272 1273 1274 |PI329394|0.0420457237297013
1275 1276 1277 |PI329554|0.08301895856204115
1278 1279 1280 |PI329841|0.017431835963036147
1281 |PI329583|0.0
1282 1283 |PI329300|0.0004169296829098725
1284 |PI329301|0.0
1285 1286 |PI563348|0.004167218328195825
1287 1288 |PI585406|0.08749883997533822
1289 1290 |PI646251|0.0013739522637290045
1291 1292 1293 |PI330807|0.0695717435065259
1294 1295 |PI329865|0.004800605452153562
1296 1297 |PI329326|0.0014769808252322477
1298 |PI329614|0.0
1299 1300 1301 |PI330199|0.009352777539734673
1302 1303 |PI330796|0.012265267198420396
1304 1305 1306 |PI329702|0.04974867695193017
1307 1308 1309 |PI167093|0.011868289925248722
1310 1311 |PI585467|0.0002885904120680131
1312 1313 1314 |PI330169|0.0005947029285534525
1315 1316 |PI329480|0.02246105699887241
1317 1318 |PI329299|0.001247863723154226
1319 1320 1321 |PI646266|0.01346557193238823
1322 1323 1324 |PI330196|0.05179455042073728
1325 1326 |PI570373|0.0005767936460633052
1327 1328 |PI585452|0.001114514651523526
1329 1330 1331 |PI569090|0.018669723408345704
1332 1333 1334 |PI329440|0.09188999724334646
1335 1336 1337 |PI329435|0.005474324684615871
1338 1339 1340 |PI329710|0.044302738824635424
1341 1342 1343 |PI330858|0.031519691296919415
1344 1345 1346 |PI329465|0.005449426934099129
1347 1348 |PI329519|0.0026293707983269946
1349 1350 |PI330833|0.004896633734094094
1351 1352 |PI330803|8.574456078749175e-06
1353 1354 |PI329319|0.005361835567493429
1355 1356 1357 |PI569097|0.015664984983919685
1358 1359 |PI585454|0.004942406979752138
1360 1361 |PI329617|0.00044063998384949167
1362 1363 1364 |PI563196|0.006500015775641869
1365 1366 1367 |PI329570|0.07770559811293919
1368 1369 1370 |PI291246|0.01791023634356782
1371 1372 |PI329843|0.017919564180460347
1373 1374 1375 |PI329665|0.003841471982499818
1376 1377 |PI329550|0.001325466728939587
1378 1379 1380 |PI641836|0.004826218194631165
1381 1382 |PI329585|0.0022484823184264167
1383 1384 |PI329545|0.0018378443917943582
1385 1386 1387 |PI329333|0.004656300179927214
1388 1389 |PI329510|0.0005752917823120823
1390 1391 1392 |PI329473|0.007538958846934122
1393 1394 |PI329644|0.009345348457546709
1395 1396 1397 |PI641824|0.01735759564824178
1398 1399 |PI329517|0.0005607637959995686
1400 1401 1402 |PI563350|0.03998540555400749
1403 1404 |PI329286|0.0026797321403173842
1405 1406 1407 |PI641824|0.01735759564824178
1408 1409 |PI329673|0.0005402561112570532
1410 1411 1412 |PI653617|0.014538828472308965
1413 1414 1415 |PI329256|0.0063145467683088504
1416 1417 |PI337680|0.007843587562629817
1418 1419 |PI646242|0.001458827222299135
1420 1421 1422 |PI329605|0.009073822211226016
1423 1424 |PI585461|0.0020914205850647385
1425 1426 |PI329569|3.918306016759005e-05
1427 1428 |PI329632|0.012399644586324117
1429 1430 |PI329615|0.0008226865248534836
1431 1432 |PI563338|0.014904669616294032
1433 1434 1435 |PI330182|0.03853473943412165
1436 1437 |PI510757|0.003997116029564639
1438 1439 |PI329506|0.0018405714502517968
1440 1441 1442 |PI329478|0.06350617957317274
1443 1444 1445 |PI330181|0.018777416329566275
1446 1447 1448 |PI534165|0.002767991244193554
1449 1450 |PI329310|0.005512418863464488
1451 1452 1453 |PI653617|0.014538828472308965
1454 1455 |PI329518|0.003091712973738673
1456 |PI329646|0.0
1457 1458 |PI329471|0.11066363333449353
1459 1460 1461 |PI329466|0.010954872510977565
1462 1463 1464 |PI329711|0.13186008704231655
1465 1466 |PI329618|0.0003426119889434284
1467 1468 1469 |PI329511|0.03125458048811533
1470 1471 1472 |PI563002|0.07318290680082298
1473 1474 1475 |PI563022|0.04327364438443617
1476 1477 1478 |PI330167|0.02692904008656535
1479 |PI552851|0.0
1480 1481 |PI329584|0.010766617492164218
1482 1483 1484 |PI566819|0.003932468318929642
1485 1486 1487 |PI330195|0.023536142483444406
1488 1489 1490 |PI329551|0.03418145527944278
1491 1492 1493 |PI330185|0.010439920149982842
1494 1495 |PI514456|0.011405434319311571
1496 1497 |PI569264|0.011532625273789555
1498 1499 1500 |PI329403|0.01862772444887487
1501 1502 1503 |PI329699|0.01278658117706249
1504 1505 1506 |PI329338|0.005940270431444014
1507 1508 1509 |PI329351|0.024348160024119422
1510 1511 1512 |PI213900|0.0015995290182725073
1513 1514 |PI329541|0.0031537878985396016
1515 1516 |PI329501|0.0001305890462165851
1517 1518 1519 |PI564163|0.0021690158407345135
