0.005572867433966715
0.06127095737421692
0.055659344570550086
0.021874226943437394
0.008007577093907467
0.0013801338673560058
0.04143230244019169
0.10631923499305491
0.0016608392906465443
0.0045393821819543
0.000893939071456652
0.0013112280839572903
0.001629305953945248
0.00555770441637528
0.003781773212832775
0.020902914140088113
0.0045075240606088345
0.04143230244019169
0.055659344570550086
0.019714829541754575
0.01649005887070359
0.015137088067807907
0.002524026987543181
0.04143230244019169
0.0013801338673560058
0.004885705819977776
0.002971160080208856
0.0003244662063684375
0.07349023918914156
0.05955588006950706
0.020902914140088113
0.007964454631206258
8.12258121351554e-05
0.0045075240606088345
0.02222687641842634
0.007106361233070062
0.019115670629379564
0.015137088067807907
0.0006404076726900202
0.0020224286890197112
0.005572867433966715
0.044197172172651684
0.020401693596329654
0.04540075301198757
0.0013112280839572903
0.01475676770220646
0.019714829541754575
0.003781773212832775
0.06127095737421692
0.00035775862391266303
0.00651538332724951
0.04132148662809907
0.023571116149673835
0.001629305953945248
0.03391979286764216
0.0030792239322184624
0.060180606029689415
0.009206903070717164
0.009605825028752265
0.00411466730336217
0.055659344570550086
0.021874226943437394
0.0006489856775660971
0.03431330356097293
0.000893939071456652
0.04808452721379342
0.001181991506663823
0.0037981684568788973
0.0004382797576004533
0.0028006054052702595
0.0016272386393154001
0.03123444288596246
0.0014926951416535125
0.06651310396778407
0.025668010254789965
0.035743249924417055
0.00555770441637528
0.0024705738782036255
0.0010110595644914758
0.036028099072729906
0.001403004119088876
0.10631923499305491
0.03745986368885883
0.016318640007996033
0.0016608392906465443
0.0005935768031836636
0.09335584979850481
0.06649924825314209
0.024338411347474234
0.015118029688992363
0.021874226943437394
0.013671066242923068
0.008007577093907467
0.005890226117465039
0.06375970421898652
0.0012775345012144054
0.021874226943437394
0.005614621372036048
0.01649005887070359
0.0045393821819543
0.002971160080208856
0.008007577093907467
0.03391979286764216
0.03123444288596246
0.00035775862391266303
0.0003244662063684375
0.0045393821819543
0.01475676770220646
0.021874226943437394
0.00411466730336217
0.0006404076726900202
0.0020224286890197112
0.005614621372036048
0.0045075240606088345
0.005614621372036048
0.0020224286890197112
0.00035775862391266303
0.02518073442917577
0.0016272386393154001
0.04808452721379342
0.023571116149673835
0.03431330356097293
0.016318640007996033
8.12258121351554e-05
0.001403004119088876
0.015118029688992363
0.005890226117465039
0.004885705819977776
0.0010110595644914758
0.0028006054052702595
0.001629305953945248
0.0004382797576004533
0.0013112280839572903
0.024338411347474234
0.03745986368885883
0.000893939071456652
0.013671066242923068
0.06375970421898652
0.020902914140088113
0.06651310396778407
0.07349023918914156
0.0006404076726900202
0.0024705738782036255
0.0012775345012144054
0.007964454631206258
0.0016608392906465443
0.025668010254789965
0.015137088067807907
