2.968091843408466879e-01
2.808129165842281894e-01
1.681528465430198738e-01
4.306032005965250153e-01
5.923521813437807593e-01
-5.789753042095893698e-02
1.162756644385283533e-01
-1.612977275747915495e-01
6.891639333553452040e-01
6.059524409737612194e-01
6.141225705086691411e-01
6.302540201148896237e-01
6.813697745631667191e-01
4.332605891239893481e-01
6.637975853474599175e-01
4.526302245560561155e-01
6.092591610915962796e-01
1.162756644385283533e-01
1.681528465430198738e-01
3.929417431138707562e-01
2.765432227384683195e-01
5.325435505480486525e-02
3.874135206983170820e-01
1.162756644385283533e-01
-5.789753042095893698e-02
5.406599571293085882e-01
5.625545360439856424e-01
6.049291368458629137e-01
3.517440025335043519e-01
3.416948202649325861e-01
4.526302245560561155e-01
6.214237614775722784e-01
4.864788238646143848e-01
6.092591610915962796e-01
3.913183077262646914e-01
1.726072506021284481e-01
2.970111915949639192e-01
5.325435505480486525e-02
-1.114418361959274434e-01
6.016910326596979219e-01
2.968091843408466879e-01
3.097065895120523216e-01
2.606395375922677116e-01
3.021563844762246709e-01
6.302540201148896237e-01
3.255310868285457571e-01
3.929417431138707562e-01
6.637975853474599175e-01
2.808129165842281894e-01
6.842854185022407831e-01
1.963428120257827703e-01
2.585081002152647689e-01
1.923756874169453568e-01
6.813697745631667191e-01
3.809771307355472314e-01
7.489793383184302489e-02
3.141809704282638172e-01
5.254748655744146957e-01
3.092234397800893153e-01
6.625398808524942673e-01
1.681528465430198738e-01
4.306032005965250153e-01
6.626291037513438731e-01
3.564827953287946771e-01
6.141225705086691411e-01
4.493966344100228105e-01
6.267112174310049966e-01
2.927081181032181179e-01
-1.522403203523652049e-02
5.367348556952343808e-01
-1.772543345248422386e-01
3.572733629161207736e-01
1.932447532912386912e-01
3.313933697229977104e-01
3.188113651807277238e-01
2.353020186808449377e-01
4.332605891239893481e-01
6.172958737785793071e-01
6.877214144091081671e-01
2.130571607028174663e-01
6.924387652256016601e-01
-1.612977275747915495e-01
3.104010728012560616e-01
5.051624065155663201e-01
6.891639333553452040e-01
4.173443712281273421e-01
1.453583295340953319e-01
3.334452553939897257e-01
4.361583981983275238e-01
3.640089725931698328e-01
4.306032005965250153e-01
4.454069226250166325e-01
5.923521813437807593e-01
5.467930862592659258e-01
2.575744713596437308e-01
6.393432497776699863e-01
4.306032005965250153e-01
6.042480940071389695e-01
2.765432227384683195e-01
6.059524409737612194e-01
5.625545360439856424e-01
5.923521813437807593e-01
3.809771307355472314e-01
3.572733629161207736e-01
6.842854185022407831e-01
6.049291368458629137e-01
6.059524409737612194e-01
3.255310868285457571e-01
4.306032005965250153e-01
6.625398808524942673e-01
-1.114418361959274434e-01
6.016910326596979219e-01
6.042480940071389695e-01
6.092591610915962796e-01
6.042480940071389695e-01
6.016910326596979219e-01
6.842854185022407831e-01
1.610522305202023163e-01
-1.772543345248422386e-01
4.493966344100228105e-01
1.923756874169453568e-01
3.564827953287946771e-01
5.051624065155663201e-01
4.864788238646143848e-01
6.924387652256016601e-01
3.640089725931698328e-01
5.467930862592659258e-01
5.406599571293085882e-01
6.877214144091081671e-01
5.367348556952343808e-01
6.813697745631667191e-01
-1.522403203523652049e-02
6.302540201148896237e-01
4.361583981983275238e-01
3.104010728012560616e-01
6.141225705086691411e-01
4.454069226250166325e-01
2.575744713596437308e-01
4.526302245560561155e-01
3.313933697229977104e-01
3.517440025335043519e-01
-1.114418361959274434e-01
6.172958737785793071e-01
6.393432497776699863e-01
6.214237614775722784e-01
6.891639333553452040e-01
3.188113651807277238e-01
5.325435505480486525e-02
