2
37
50
57
81
88
105
126
136
159
160
183
187
194
198
215
217
235
248
251
252
289
292
293
297
316
326
358
369
377
390
391
402
410
416
430
432
439
447
448
458
460
461
475
498
501
517
523
524
528
531
533
535
536
538
540
543
553
556
582
584
595
600
617
624
628
646
654
657
686
692
695
710
717
726
742
766
771
779
789
839
842
848
852
873
890
891
909
917
918
921
924
930
946
953
958
970
971
975
977
984
987
993
999
1034
1043
1091
1097
1113
1114
1116
1124
1139
1149
1158
1180
1181
1182
1193
1203
1205
1213
1214
1217
1227
1242
1259
1265
1277
1283
1298
1307
1309
1324
1352
1354
1360
1363
1372
1385
1396
1405
1417
1430
1458
1462
1491
1497
1506
1509
1534
1535
1553
1555
1573
1576
1579
1582
1600
1620
1626
1628
1633
1660
1667
1668
1676
1685
1704
1706
1712
1717
1718
1737
1739
1747
1764
1765
1782
1789
1796
1802
1808
1812
1824
1827
1829
1831
1833
1835
1836
1846
1854
1868
1869
1871
1881
1886
1892
1893
1897
1907
1929
1958
1978
1988
1995
1998
2001
2004
2005
2006
2013
2021
2048
2052
2060
2061
2066
2068
2074
2075
2094
2096
2106
2124
2132
2136
2150
2186
2188
2209
2234
2243
2261
2265
2269
2272
2275
2276
2284
2289
2294
2317
2363
2368
2382
2415
2431
2442
2448
2466
2473
2494
2517
2518
2530
2532
2542
2552
2554
2556
2563
2575
2576
2581
2590
2594
2595
2596
2601
2604
2606
2620
2627
2634
2658
2670
2680
2687
2696
2703
2706
2708
2735
2738
2746
