9.542425094393249818e-01
8.450980400142570348e-01
9.542425094393249818e-01
9.030899869919439826e-01
6.989700043360189685e-01
6.020599913279619519e-01
4.771212547196619913e-01
3.010299956639809760e-01
9.542425094393249818e-01
8.450980400142570348e-01
7.781512503836439665e-01
1.041392685158230025e+00
6.020599913279619519e-01
9.542425094393249818e-01
6.020599913279619519e-01
6.020599913279619519e-01
4.771212547196619913e-01
4.771212547196619913e-01
4.771212547196619913e-01
4.771212547196619913e-01
3.010299956639809760e-01
7.781512503836439665e-01
7.781512503836439665e-01
7.781512503836439665e-01
4.771212547196619913e-01
7.781512503836439665e-01
1.000000000000000000e+00
4.771212547196619913e-01
3.010299956639809760e-01
8.450980400142570348e-01
8.450980400142570348e-01
4.771212547196619913e-01
6.020599913279619519e-01
4.771212547196619913e-01
4.771212547196619913e-01
6.020599913279619519e-01
4.771212547196619913e-01
4.771212547196619913e-01
6.020599913279619519e-01
7.781512503836439665e-01
6.989700043360189685e-01
6.020599913279619519e-01
9.542425094393249818e-01
1.041392685158230025e+00
9.542425094393249818e-01
8.450980400142570348e-01
1.041392685158230025e+00
4.771212547196619913e-01
7.781512503836439665e-01
9.542425094393249818e-01
1.000000000000000000e+00
4.771212547196619913e-01
6.020599913279619519e-01
0.000000000000000000e+00
3.010299956639809760e-01
7.781512503836439665e-01
6.989700043360189685e-01
9.030899869919439826e-01
3.010299956639809760e-01
6.020599913279619519e-01
6.020599913279619519e-01
6.989700043360189685e-01
9.542425094393249818e-01
8.450980400142570348e-01
9.542425094393249818e-01
6.989700043360189685e-01
4.771212547196619913e-01
7.781512503836439665e-01
0.000000000000000000e+00
4.771212547196619913e-01
6.020599913279619519e-01
4.771212547196619913e-01
4.771212547196619913e-01
7.781512503836439665e-01
6.989700043360189685e-01
3.010299956639809760e-01
3.010299956639809760e-01
6.020599913279619519e-01
3.010299956639809760e-01
6.020599913279619519e-01
9.542425094393249818e-01
4.771212547196619913e-01
6.020599913279619519e-01
3.010299956639809760e-01
9.030899869919439826e-01
9.030899869919439826e-01
6.020599913279619519e-01
4.771212547196619913e-01
4.771212547196619913e-01
6.020599913279619519e-01
6.989700043360189685e-01
8.450980400142570348e-01
6.020599913279619519e-01
9.030899869919439826e-01
7.781512503836439665e-01
7.781512503836439665e-01
8.450980400142570348e-01
8.450980400142570348e-01
6.989700043360189685e-01
3.010299956639809760e-01
6.020599913279619519e-01
0.000000000000000000e+00
7.781512503836439665e-01
6.989700043360189685e-01
8.450980400142570348e-01
9.542425094393249818e-01
3.010299956639809760e-01
7.781512503836439665e-01
1.000000000000000000e+00
4.771212547196619913e-01
7.781512503836439665e-01
4.771212547196619913e-01
4.771212547196619913e-01
1.041392685158230025e+00
6.020599913279619519e-01
0.000000000000000000e+00
8.450980400142570348e-01
6.020599913279619519e-01
4.771212547196619913e-01
0.000000000000000000e+00
3.010299956639809760e-01
3.010299956639809760e-01
0.000000000000000000e+00
3.010299956639809760e-01
9.542425094393249818e-01
9.030899869919439826e-01
8.450980400142570348e-01
9.030899869919439826e-01
6.020599913279619519e-01
4.771212547196619913e-01
3.010299956639809760e-01
6.989700043360189685e-01
6.020599913279619519e-01
4.771212547196619913e-01
4.771212547196619913e-01
6.989700043360189685e-01
4.771212547196619913e-01
4.771212547196619913e-01
4.771212547196619913e-01
6.989700043360189685e-01
6.989700043360189685e-01
4.771212547196619913e-01
7.781512503836439665e-01
9.030899869919439826e-01
7.781512503836439665e-01
9.542425094393249818e-01
9.542425094393249818e-01
9.542425094393249818e-01
1.041392685158230025e+00
3.010299956639809760e-01
6.020599913279619519e-01
9.542425094393249818e-01
8.450980400142570348e-01
9.030899869919439826e-01
6.020599913279619519e-01
9.030899869919439826e-01
8.450980400142570348e-01
9.030899869919439826e-01
4.771212547196619913e-01
3.010299956639809760e-01
4.771212547196619913e-01
6.989700043360189685e-01
4.771212547196619913e-01
6.989700043360189685e-01
9.030899869919439826e-01
1.041392685158230025e+00
4.771212547196619913e-01
6.020599913279619519e-01
3.010299956639809760e-01
9.542425094393249818e-01
8.450980400142570348e-01
7.781512503836439665e-01
6.989700043360189685e-01
4.771212547196619913e-01
6.020599913279619519e-01
4.771212547196619913e-01
7.781512503836439665e-01
7.781512503836439665e-01
7.781512503836439665e-01
6.989700043360189685e-01
6.989700043360189685e-01
4.771212547196619913e-01
6.989700043360189685e-01
8.450980400142570348e-01
4.771212547196619913e-01
4.771212547196619913e-01
8.450980400142570348e-01
3.010299956639809760e-01
4.771212547196619913e-01
4.771212547196619913e-01
4.771212547196619913e-01
3.010299956639809760e-01
6.020599913279619519e-01
7.781512503836439665e-01
6.020599913279619519e-01
4.771212547196619913e-01
9.030899869919439826e-01
9.542425094393249818e-01
3.010299956639809760e-01
9.030899869919439826e-01
9.542425094393249818e-01
6.020599913279619519e-01
6.989700043360189685e-01
6.989700043360189685e-01
4.771212547196619913e-01
3.010299956639809760e-01
4.771212547196619913e-01
9.542425094393249818e-01
9.030899869919439826e-01
7.781512503836439665e-01
6.020599913279619519e-01
9.542425094393249818e-01
9.542425094393249818e-01
8.450980400142570348e-01
6.989700043360189685e-01
7.781512503836439665e-01
4.771212547196619913e-01
4.771212547196619913e-01
6.020599913279619519e-01
4.771212547196619913e-01
3.010299956639809760e-01
3.010299956639809760e-01
6.020599913279619519e-01
6.020599913279619519e-01
6.020599913279619519e-01
9.542425094393249818e-01
9.030899869919439826e-01
6.020599913279619519e-01
4.771212547196619913e-01
3.010299956639809760e-01
4.771212547196619913e-01
6.989700043360189685e-01
9.030899869919439826e-01
7.781512503836439665e-01
4.771212547196619913e-01
6.989700043360189685e-01
4.771212547196619913e-01
6.020599913279619519e-01
6.989700043360189685e-01
6.020599913279619519e-01
6.020599913279619519e-01
6.020599913279619519e-01
3.010299956639809760e-01
3.010299956639809760e-01
4.771212547196619913e-01
4.771212547196619913e-01
4.771212547196619913e-01
3.010299956639809760e-01
3.010299956639809760e-01
4.771212547196619913e-01
3.010299956639809760e-01
6.989700043360189685e-01
6.989700043360189685e-01
4.771212547196619913e-01
7.781512503836439665e-01
4.771212547196619913e-01
4.771212547196619913e-01
0.000000000000000000e+00
6.020599913279619519e-01
3.010299956639809760e-01
7.781512503836439665e-01
0.000000000000000000e+00
6.989700043360189685e-01
9.030899869919439826e-01
6.020599913279619519e-01
6.020599913279619519e-01
6.989700043360189685e-01
6.989700043360189685e-01
6.020599913279619519e-01
4.771212547196619913e-01
4.771212547196619913e-01
4.771212547196619913e-01
4.771212547196619913e-01
6.020599913279619519e-01
9.542425094393249818e-01
4.771212547196619913e-01
6.020599913279619519e-01
4.771212547196619913e-01
4.771212547196619913e-01
4.771212547196619913e-01
7.781512503836439665e-01
4.771212547196619913e-01
4.771212547196619913e-01
9.030899869919439826e-01
7.781512503836439665e-01
4.771212547196619913e-01
6.020599913279619519e-01
9.030899869919439826e-01
7.781512503836439665e-01
4.771212547196619913e-01
7.781512503836439665e-01
0.000000000000000000e+00
4.771212547196619913e-01
4.771212547196619913e-01
1.146128035678239954e+00
8.450980400142570348e-01
8.450980400142570348e-01
6.989700043360189685e-01
6.020599913279619519e-01
6.020599913279619519e-01
4.771212547196619913e-01
8.450980400142570348e-01
8.450980400142570348e-01
6.020599913279619519e-01
4.771212547196619913e-01
9.542425094393249818e-01
9.030899869919439826e-01
8.450980400142570348e-01
9.542425094393249818e-01
9.030899869919439826e-01
4.771212547196619913e-01
7.781512503836439665e-01
4.771212547196619913e-01
9.542425094393249818e-01
6.989700043360189685e-01
4.771212547196619913e-01
3.010299956639809760e-01
6.020599913279619519e-01
3.010299956639809760e-01
6.020599913279619519e-01
6.989700043360189685e-01
6.020599913279619519e-01
6.989700043360189685e-01
6.020599913279619519e-01
0.000000000000000000e+00
4.771212547196619913e-01
4.771212547196619913e-01
6.989700043360189685e-01
3.010299956639809760e-01
9.030899869919439826e-01
9.542425094393249818e-01
6.020599913279619519e-01
4.771212547196619913e-01
6.020599913279619519e-01
3.010299956639809760e-01
7.781512503836439665e-01
7.781512503836439665e-01
7.781512503836439665e-01
4.771212547196619913e-01
6.020599913279619519e-01
8.450980400142570348e-01
9.030899869919439826e-01
6.020599913279619519e-01
7.781512503836439665e-01
7.781512503836439665e-01
6.020599913279619519e-01
3.010299956639809760e-01
7.781512503836439665e-01
6.989700043360189685e-01
7.781512503836439665e-01
6.989700043360189685e-01
6.020599913279619519e-01
4.771212547196619913e-01
3.010299956639809760e-01
3.010299956639809760e-01
7.781512503836439665e-01
4.771212547196619913e-01
3.010299956639809760e-01
6.020599913279619519e-01
3.010299956639809760e-01
3.010299956639809760e-01
6.020599913279619519e-01
4.771212547196619913e-01
1.041392685158230025e+00
4.771212547196619913e-01
4.771212547196619913e-01
6.020599913279619519e-01
1.041392685158230025e+00
6.020599913279619519e-01
9.030899869919439826e-01
9.542425094393249818e-01
