0 1 |PI656015|0.002978128801519898
2 3 |PI642998|0.0006541451381824543
4 5 |PI330196|0.002347887655305445
6 7 |PI452692|0.00775203287895374
8 9 |PI533998|0.002978128801519898
10 |PI329333|0.0
11 12 |PI329351|0.048253303967040015
13 |PI542718|0.0
14 |PI329403|0.0
15 16 |PI329617|0.0039024219763195383
17 |PI570393|0.0
18 19 |PI563329|0.0
20 |PI562994|0.0
21 22 23 |PI329570|0.0
24 |PI329710|0.0
25 26 27 |PI619838|0.045915345362415365
28 |PI329702|0.0
29 30 |PI563009|0.0
31 |PI156268|0.0
32 33 |PI330167|0.0039024219763195383
34 |PI570145|0.0
35 36 |PI329569|0.0039024219763195383
37 |PI569886|0.0
38 |PI563330|0.0
39 40 |PI329605|0.0015674174314136325
41 |PI562991|0.0
42 43 |PI655983|0.0018987882819590065
44 45 |PI656015|0.002978128801519898
46 47 |PI329584|0.07960056180229694
48 |PI329510|0.0
49 |PI564163|0.0
50 |PI251672|0.0
51 |PI513898|0.0
52 53 54 |PI569423|0.06041270552630427
55 |PI329510|0.0
56 57 |PI562971|0.010416241829863782
58 59 |PI563348|0.0226547645723641
60 61 |PI167093|0.002347887655305445
62 63 |PI533998|0.002978128801519898
64 65 66 |PI329301|0.038002845697036
67 68 |PI521290|0.15137984211840713
69 |PI585577|0.0
70 71 |PI569460|0.0039024219763195383
72 |PI562981|0.0
73 74 |PI585461|0.0015674174314136325
75 76 |PI569427|0.0
77 78 |PI563196|0.0226547645723641
79 80 81 82 |PI154844|0.03168306997764643
83 |PI330181|0.0
84 85 |PI535792|0.0
86 87 |PI329569|0.0039024219763195383
88 |PI330185|0.0
89 90 |PI152694|0.002347887655305445
91 |PI330168|0.0
92 |PI563330|0.0
93 94 |PI155149|0.003902421976319542
95 |PI550604|0.0
96 97 |PI563009|0.0
98 99 100 |PI156487|0.028707428823619985
101 |PI535793|0.0
102 103 |PI329605|0.0015674174314136325
104 |PI535785|0.0
105 |PI564163|0.0
106 |PI569453|0.0
107 108 109 |PI619838|0.045915345362415365
110 111 |PI534165|0.022654764572364254
112 |PI562970|0.0
113 114 |PI329351|0.048253303967040015
115 |PI329440|0.0
116 |PI526905|0.0
117 118 |PI330167|0.0039024219763195383
119 120 |PI255744|0.0226547645723641
121 122 123 |PI156203|0.02013756850876809
124 125 |PI35038|0.0006541451381824543
126 |PI570031|0.0
127 |PI181899|0.0
128 |PI569446|0.0
129 |PI329710|0.0
130 131 |PI569447|0.039589062625475416
132 |PI329673|0.0
133 |PI455217|0.0
134 135 136 |PI569443|0.010937081712520233
137 |PI570145|0.0
138 |PI562732|0.0
139 140 |PI562730|0.0
141 |PI569886|0.0
142 143 144 |PI297155|0.0034688195345062597
145 146 |PI197542|0.0
147 148 |PI655983|0.0018987882819590065
149 |PI329702|0.0
150 |PI452544|0.0
151 |PI561840|0.0
152 153 154 |PI329665|0.017005513034773535
155 156 157 |PI593916|0.0007473479809473009
158 |PI152963|0.0
159 160 |PI569421|0.00775203287895374
161 162 163 |PI156393|0.010937081712520233
164 |PI157804|0.0
165 166 |PI329584|0.07960056180229694
167 168 |PI570109|0.0226547645723641
169 170 |PI656015|0.002978128801519898
171 |PI329333|0.0
172 173 174 |PI196049|0.008246456248093443
175 |PI569148|0.0
176 177 178 |PI329570|0.0
179 |PI576399|0.0
180 181 |PI569452|0.012304216926585263
182 |PI181083|0.0
183 |PI533792|0.0
184 185 |PI563332|0.0
186 |PI540518|0.0
187 |PI330182|0.0
188 |PI570393|0.0
189 |PI329465|0.0
190 |PI156268|0.0
191 |PI329310|0.0
192 |PI330169|0.0
193 |PI535794|0.0
194 |PI653616|0.0
195 |PI329394|0.0
196 |PI329501|0.0
197 |PI542718|0.0
198 199 200 |PI569097|0.08797548909591785
201 |PI329403|0.0
202 |PI300119|0.0
203 204 |PI569422|0.012304216926585263
205 206 |PI156018|0.00775203287895374
207 208 |PI196586|0.0006541451381824543
209 210 |PI643016|0.007752032878953828
211 212 213 |PI92270|0.0026472256013510206
214 |PI329519|0.0
215 216 |PI329841|0.022654764572364254
217 218 |PI329843|0.0039024219763195383
219 220 |PI452692|0.00775203287895374
221 |PI329256|0.0
222 |PI329511|0.0
223 224 |PI570073|0.0
225 226 |PI642998|0.0006541451381824543
227 228 |PI329617|0.0039024219763195383
229 |PI562994|0.0
230 231 |PI570076|0.012304216926585263
232 233 234 |PI562985|0.03196423411871002
235 236 |PI152860|0.012304216926585263
237 |PI562991|0.0
238 239 |PI330196|0.002347887655305445
240 241 |PI152728|0.0
242 243 |PI563002|0.0
244 245 |PI563329|0.0
246 |PI585577|0.0
247 248 |PI563002|0.0
249 250 |PI452692|0.00775203287895374
251 252 |PI562730|0.0
253 |PI562981|0.0
254 255 256 257 |PI505735|0.07762792927894199
258 |PI562991|0.0
259 |PI562994|0.0
260 261 |PI521290|0.15137984211840713
262 263 |PI562971|0.010416241829863782
264 |PI452544|0.0
265 266 |PI167093|0.002347887655305445
267 268 |PI152727|0.002347887655305445
269 |PI513898|0.0
270 271 |PI563332|0.0
272 |PI562732|0.0
273 274 275 276 |PI154844|0.03168306997764643
277 278 |PI563329|0.0
279 |PI455217|0.0
280 281 |PI534165|0.022654764572364254
282 |PI562970|0.0
283 284 285 |PI562985|0.03196423411871002
286 |PI563330|0.0
287 288 289 |PI562985|0.03196423411871002
290 291 |PI521290|0.15137984211840713
292 |PI562970|0.0
293 |PI562732|0.0
294 295 |PI52606|0.022654764572364393
296 |PI533792|0.0
297 |PI576399|0.0
298 |PI653616|0.0
299 300 |PI330167|0.0039024219763195383
301 302 |PI563009|0.0
303 |PI330169|0.0
304 |PI569148|0.0
305 306 |PI35038|0.0006541451381824543
307 |PI330168|0.0
308 309 |PI35038|0.0006541451381824543
310 |PI329394|0.0
311 312 |PI329841|0.022654764572364254
313 314 315 |PI329301|0.038002845697036
316 317 |PI563348|0.0226547645723641
318 |PI329702|0.0
319 320 |PI167093|0.002347887655305445
321 |PI330169|0.0
322 323 |PI330196|0.002347887655305445
324 |PI329440|0.0
325 |PI329710|0.0
326 |PI329465|0.0
327 |PI329519|0.0
328 329 330 |PI569097|0.08797548909591785
331 332 |PI329617|0.0039024219763195383
333 334 |PI563196|0.0226547645723641
335 336 337 |PI329570|0.0
338 339 |PI329843|0.0039024219763195383
340 341 342 |PI329665|0.017005513034773535
343 |PI329333|0.0
344 |PI329510|0.0
345 |PI329673|0.0
346 |PI329256|0.0
347 348 |PI329605|0.0015674174314136325
349 350 |PI585461|0.0015674174314136325
351 352 |PI329569|0.0039024219763195383
353 |PI330182|0.0
354 |PI330181|0.0
355 356 |PI534165|0.022654764572364254
357 |PI329310|0.0
358 |PI329511|0.0
359 360 |PI563002|0.0
361 362 |PI330167|0.0039024219763195383
363 364 |PI329584|0.07960056180229694
365 |PI330185|0.0
366 |PI329403|0.0
367 368 |PI329351|0.048253303967040015
369 |PI329501|0.0
370 |PI564163|0.0
