2.397317284744290067e+00
2.333471753484294808e+00
2.788042785762359976e+00
3.170660680731204994e+00
2.290770197040980172e+00
3.147802914297749943e+00
2.967157935914840117e+00
2.079120066478746587e+00
2.741334219798114979e+00
3.182711533714154939e+00
3.392982946591080129e+00
2.824025114226570210e+00
3.139881678116309693e+00
2.983296946318330090e+00
2.815335888648589968e+00
3.214543553609295223e+00
3.132400818701150058e+00
2.993164759040555012e+00
2.949832633842195406e+00
2.798979897312245058e+00
2.911052282913690004e+00
2.397317284744290067e+00
2.847703080718894775e+00
2.984529609732660127e+00
2.286747857145599916e+00
2.959764541020190265e+00
3.002343310217765016e+00
2.984529609732660127e+00
2.729037987109794727e+00
2.874822986460435104e+00
2.949321118620895188e+00
2.290770197040980172e+00
3.168364749652145207e+00
2.735282437387109855e+00
2.659174426174550021e+00
2.896126647286629829e+00
2.685835868662199921e+00
2.805249738330735099e+00
2.823815151625689968e+00
3.021248017690575161e+00
2.205420915676339799e+00
3.132400818701150058e+00
2.972248388384759910e+00
2.742002014397940002e+00
2.815335888648589968e+00
2.981473912301139784e+00
1.999304572338350017e+00
2.949832633842195406e+00
2.960213721535414955e+00
2.286747857145599916e+00
2.865837098787605175e+00
2.983296946318330090e+00
2.164350972190000277e+00
2.967157935914840117e+00
2.902839764954585178e+00
3.214543553609295223e+00
2.954192325899930083e+00
3.335358770512599769e+00
2.383469560665234965e+00
2.840344650933570136e+00
2.663454923383359763e+00
2.786981804900315218e+00
2.623525897482014813e+00
2.505003539480409991e+00
2.993164759040555012e+00
2.409532276392280181e+00
2.199865242884914807e+00
2.911052282913690004e+00
3.088973855181655015e+00
2.454392337321209983e+00
2.781466873961810027e+00
3.117837582702205346e+00
2.847703080718894775e+00
2.602628885652100266e+00
2.397317284744290067e+00
3.147802914297749943e+00
3.072622478124420020e+00
3.139881678116309693e+00
2.924047555538630050e+00
3.069136740125590013e+00
3.182711533714154939e+00
3.005212777529655099e+00
2.887081655989160112e+00
2.900532622529359728e+00
2.584193008499375388e+00
2.079120066478746587e+00
2.923212412965674911e+00
3.010598620191069941e+00
2.830215929756015214e+00
2.653066324483970284e+00
3.118009765154690083e+00
2.129627062197029908e+00
3.106937503774759968e+00
2.832936798527950106e+00
3.170660680731204994e+00
2.884914483330200063e+00
2.333471753484294808e+00
2.741334219798114979e+00
2.824025114226570210e+00
2.968711071449795291e+00
2.817257048990220003e+00
3.382381837082125031e+00
2.798979897312245058e+00
2.788042785762359976e+00
3.061243201265489766e+00
2.736708089702094782e+00
3.392982946591080129e+00
2.736708089702094782e+00
3.170660680731204994e+00
2.505003539480409991e+00
2.896126647286629829e+00
2.981307584352192563e+00
2.798979897312245058e+00
2.824025114226570210e+00
2.735282437387109855e+00
2.729037987109794727e+00
2.949321118620895188e+00
3.058262990410359983e+00
2.959764541020190265e+00
3.069136740125590013e+00
3.021248017690575161e+00
3.392982946591080129e+00
2.164350972190000277e+00
2.817257048990220003e+00
2.817257048990220003e+00
2.735282437387109855e+00
2.351992072520134869e+00
2.900532622529359728e+00
3.214543553609295223e+00
2.815335888648589968e+00
2.887081655989160112e+00
2.383469560665234965e+00
2.383469560665234965e+00
3.106937503774759968e+00
3.168364749652145207e+00
2.874822986460435104e+00
2.949321118620895188e+00
2.887081655989160112e+00
2.788042785762359976e+00
2.902839764954585178e+00
3.005212777529655099e+00
2.923212412965674911e+00
2.741334219798114979e+00
2.823815151625689968e+00
3.139881678116309693e+00
2.832936798527950106e+00
3.088973855181655015e+00
3.147802914297749943e+00
2.984529609732660127e+00
2.786981804900315218e+00
2.949832633842195406e+00
2.685835868662199921e+00
3.132400818701150058e+00
2.164350972190000277e+00
2.736708089702094782e+00
3.214543553609295223e+00
2.847703080718894775e+00
2.967157935914840117e+00
2.584193008499375388e+00
2.286747857145599916e+00
