0.00622836727234699
0.03286068767549255
0.04574147450092823
0.006566033156242504
0.01053281391148192
0.00022554901134907215
0.0003449871324227127
0.022790126383319755
0.03931688537153983
0.004238298616917235
8.743500959555812e-05
0.0025622858145934258
0.0031668931119007513
0.0
0.004003354569412664
0.0011373115433678399
0.010816081029569857
0.0033272921536205294
0.00039898170634146293
0.009573415307752069
0.011773185859844803
0.00622836727234699
0.029706446727009096
0.000384933890320514
0.00266760546761676
0.019984650057713486
0.03372697489561524
0.000384933890320514
0.008937918343626072
0.006246264368473343
0.007523236296486512
0.01053281391148192
0.001446844954878476
0.048372963268244445
0.006180218468491055
0.0026966366506951207
0.006412557131735077
0.05606388346073379
0.002412356657274508
0.001352710603078809
0.0
0.010816081029569857
0.027617051791713358
0.0
0.004003354569412664
0.03223049298816451
0.0
0.00039898170634146293
0.0008968510410415965
0.00266760546761676
6.503614536059555e-05
0.0
1.6360717043816995e-06
0.0003449871324227127
0.002479330381125837
0.0011373115433678399
1.672831797006021e-06
0.017888700924602235
1.967923914953638e-05
0.004412496043897625
0.0046499088342579434
0.005540288420389429
0.22447078854435865
0.012656258954700126
0.0033272921536205294
0.0011557745150256801
0.001926498722772365
0.011773185859844803
0.039583274265421284
0.012880514294457055
0.016188123914569127
0.051568467365109616
0.029706446727009096
0.1050137066443265
0.00622836727234699
0.00022554901134907215
0.01983426658330059
0.0031668931119007513
0.00043264687753110536
0.053778510397803465
0.004238298616917235
0.00018068628134544043
0.012185451930471028
0.002632697850303253
0.014991417048835257
0.022790126383319755
0.11293073046101636
0.03961039905718717
0.12185293798023952
0.0005964341914255432
0.04533543764339777
0.02595237802897726
0.06153554362490314
0.09594494701135796
0.006566033156242504
0.00030460330809035946
0.03286068767549255
0.03931688537153983
0.0025622858145934258
0.00625081126974898
0.04388205694152244
2.8904294296400874e-05
0.009573415307752069
0.04574147450092823
0.03305658529210512
0.0035384065913334345
8.743500959555812e-05
0.0035384065913334345
0.006566033156242504
0.012656258954700126
0.0026966366506951207
0.011559608039293848
0.009573415307752069
0.0025622858145934258
0.048372963268244445
0.008937918343626072
0.007523236296486512
0.00576924826035298
0.019984650057713486
0.053778510397803465
0.001352710603078809
8.743500959555812e-05
1.6360717043816995e-06
0.04388205694152244
0.04388205694152244
0.048372963268244445
0.0049516443171119685
0.002632697850303253
0.0011373115433678399
0.004003354569412664
0.012185451930471028
1.967923914953638e-05
1.967923914953638e-05
0.06153554362490314
0.001446844954878476
0.006246264368473343
0.007523236296486512
0.012185451930471028
0.04574147450092823
0.002479330381125837
0.00018068628134544043
0.11293073046101636
0.03931688537153983
0.002412356657274508
0.0031668931119007513
0.09594494701135796
0.039583274265421284
0.00022554901134907215
0.000384933890320514
0.005540288420389429
0.00039898170634146293
0.006412557131735077
0.010816081029569857
1.6360717043816995e-06
0.0035384065913334345
0.0011373115433678399
0.029706446727009096
0.0003449871324227127
0.014991417048835257
0.00266760546761676
