1.663017239109704226e+00
1.542523389777515685e+00
1.869888728377280929e+00
1.736205272907571651e+00
1.803326188397707863e+00
2.259370460065295738e+00
2.358116635285717688e+00
1.656295037959805150e+00
2.419469900608454793e+00
2.235682089242183146e+00
2.280622234540064852e+00
1.960630609079271558e+00
1.677992020307143228e+00
2.333380189599103094e+00
2.226997559165839746e+00
2.446301426040419891e+00
2.382434857080086843e+00
2.170607229378545000e+00
2.466614533370924622e+00
2.342639414549651633e+00
2.287015551506427435e+00
2.247079780643019831e+00
2.163928501288534978e+00
2.241887800478914894e+00
2.470768210050954927e+00
2.328867934834515818e+00
2.321084051460302611e+00
2.300611645400990390e+00
1.915320745117178758e+00
2.267305629903445308e+00
2.151356930002054746e+00
1.960630609079271558e+00
2.237498207278480145e+00
1.869888728377280929e+00
2.242408793799417932e+00
2.293974481510324903e+00
1.913719210612492283e+00
1.815677526895432603e+00
1.739307143641895648e+00
2.077811687068834789e+00
2.274939510145324917e+00
2.356330582618212155e+00
2.293974481510324903e+00
2.097598054007230317e+00
2.209651580702614915e+00
2.266912468160055205e+00
1.960630609079271558e+00
1.656295037959805150e+00
2.228838324504138324e+00
2.262295592219493834e+00
2.250854528246633901e+00
2.043899398966150027e+00
2.226026038553085229e+00
2.064391964530750023e+00
2.198862497992561948e+00
2.170445847549079765e+00
2.318378405881493354e+00
1.835425050051111340e+00
1.679224526314712085e+00
2.321084051460302611e+00
2.319576455103726786e+00
2.092718474725220101e+00
2.372450839109653931e+00
1.915320745117178758e+00
2.235682089242183146e+00
2.035589497552043436e+00
1.675783820044704386e+00
2.163928501288534978e+00
2.380654334525190485e+00
1.669902074888214072e+00
2.267305629903445308e+00
2.171812316297059731e+00
1.739307143641895648e+00
2.202744831663180136e+00
2.287015551506427435e+00
1.615694055741087931e+00
1.957646996690479479e+00
2.280622234540064852e+00
1.663017239109704226e+00
2.231185887050299854e+00
1.770955242327166390e+00
2.470768210050954927e+00
2.270656584202930262e+00
2.445030122975670128e+00
1.831986632597835118e+00
2.183150780842679772e+00
1.540713641918337151e+00
2.043584199464853590e+00
2.342639414549651633e+00
2.047189482379355052e+00
2.142134934773720190e+00
2.088507256033146575e+00
2.310813239657791840e+00
1.913719210612492283e+00
2.328867934834515818e+00
1.542523389777515685e+00
2.387388145529586225e+00
1.925400296556555091e+00
2.300611645400990390e+00
1.799509190677589299e+00
1.655118780113516097e+00
1.811382933374409143e+00
2.237498207278480145e+00
2.247079780643019831e+00
2.146591424465248199e+00
1.803256166085684953e+00
2.329552667751454198e+00
1.695014550056511249e+00
2.362158657905474524e+00
2.039498372127209969e+00
2.340679983365325789e+00
1.726561576046078184e+00
2.379139584535144625e+00
2.242408793799417932e+00
2.086348548730254215e+00
1.869888728377280929e+00
2.419469900608454793e+00
1.736205272907571651e+00
2.406517396448601520e+00
2.119286091282415629e+00
2.466614533370924622e+00
1.718673759527153289e+00
2.251750214359151236e+00
1.670346811220532635e+00
1.535851917188793436e+00
2.299252149593359995e+00
1.550352121558538077e+00
2.224257442805476437e+00
1.673364781401892820e+00
1.727006513762183282e+00
2.446301426040419891e+00
2.309872014899965187e+00
1.933754990890417025e+00
1.988177847917852015e+00
2.241887800478914894e+00
2.383612414217795461e+00
2.219073861180070217e+00
2.397415682088789080e+00
1.816463588447179367e+00
2.229412567116924926e+00
2.230941028792110092e+00
1.986267047732845015e+00
1.677992020307143228e+00
2.172783511815896240e+00
2.335711595605749924e+00
2.333380189599103094e+00
1.931761788046514106e+00
2.267112004720034157e+00
2.382621201274509826e+00
2.039204578930539746e+00
2.276757840046435888e+00
1.784828294676666927e+00
1.662626930733319464e+00
1.876481361641261669e+00
2.264562464477029913e+00
1.736205272907571651e+00
2.249800639568561245e+00
2.358116635285717688e+00
2.280706279861727026e+00
2.156504211271790261e+00
2.196955185890890672e+00
2.217408125058550006e+00
1.736205272907571651e+00
1.803326188397707863e+00
2.226997559165839746e+00
2.170607229378545000e+00
2.281816008350149971e+00
2.242826983836062826e+00
2.599772371394039716e+00
2.151356930002054746e+00
1.815677526895432603e+00
2.259370460065295738e+00
2.402403729896005924e+00
2.103493461966964961e+00
2.382434857080086843e+00
2.250854528246633901e+00
2.103493461966964961e+00
2.358116635285717688e+00
1.925400296556555091e+00
2.226026038553085229e+00
2.291497962605144600e+00
2.151356930002054746e+00
2.170607229378545000e+00
2.262295592219493834e+00
2.097598054007230317e+00
2.146591424465248199e+00
2.266912468160055205e+00
2.350647564316589833e+00
2.274939510145324917e+00
2.224257442805476437e+00
2.387388145529586225e+00
2.318378405881493354e+00
2.382434857080086843e+00
2.088507256033146575e+00
1.736205272907571651e+00
2.379139584535144625e+00
1.615694055741087931e+00
1.957646996690479479e+00
2.242826983836062826e+00
1.915320745117178758e+00
2.242826983836062826e+00
2.262295592219493834e+00
1.957646996690479479e+00
2.387388145529586225e+00
1.865041518501743045e+00
1.550352121558538077e+00
1.718673759527153289e+00
2.229412567116924926e+00
1.811382933374409143e+00
2.470768210050954927e+00
2.163928501288534978e+00
2.219073861180070217e+00
2.119286091282415629e+00
2.335711595605749924e+00
1.831986632597835118e+00
2.372450839109653931e+00
1.831986632597835118e+00
2.230941028792110092e+00
2.264562464477029913e+00
2.280706279861727026e+00
2.228838324504138324e+00
2.209651580702614915e+00
2.397415682088789080e+00
2.299252149593359995e+00
2.247079780643019831e+00
2.266912468160055205e+00
2.219073861180070217e+00
2.235682089242183146e+00
2.259370460065295738e+00
2.231185887050299854e+00
1.535851917188793436e+00
2.342639414549651633e+00
2.309872014899965187e+00
1.876481361641261669e+00
2.172783511815896240e+00
2.226997559165839746e+00
2.170445847549079765e+00
2.466614533370924622e+00
2.249800639568561245e+00
2.329552667751454198e+00
2.419469900608454793e+00
2.293974481510324903e+00
2.142134934773720190e+00
2.156504211271790261e+00
2.267305629903445308e+00
2.064391964530750023e+00
2.321084051460302611e+00
1.727006513762183282e+00
1.835425050051111340e+00
1.615694055741087931e+00
2.383612414217795461e+00
2.196955185890890672e+00
2.103493461966964961e+00
2.470768210050954927e+00
2.242408793799417932e+00
2.319576455103726786e+00
2.333380189599103094e+00
2.280622234540064852e+00
1.933754990890417025e+00
1.986267047732845015e+00
1.739307143641895648e+00
