0.00746009469448477
0.06310768709310421
0.011515409328792206
0.0032826100687140952
0.012326056373412752
0.02157766492316682
0.0186258793080921
0.01808070283455534
0.00013324972114470254
0.004993073287226292
0.00020381130876558453
0.04713143308160435
0.12259625656887738
0.029748414837355106
0.023087645446485
0.0025038997309471617
0.027834710851367864
0.0015137458073773214
0.018310880129308982
0.01757295877342036
0.0008880442637276637
0.012031051334670874
0.0023650996154985487
0.03720115651001317
0.0006719002894404621
0.040956485492393294
0.01053014933881735
0.0019656958325164234
0.20705236385528927
0.00023571019351338395
0.005655777041676366
0.04713143308160435
0.0069553562812190725
0.011515409328792206
0.010406110149790728
0.00022741103247397293
0.010105660335306728
0.0029922680679143046
0.012768755402813163
0.0519499902800698
0.011806520593629122
0.02359638076551147
0.00022741103247397293
0.005280338493966542
0.0036901646356911804
0.004444573410527768
0.04713143308160435
0.01808070283455534
0.029071033826079107
0.03662416492312
0.041467307436191335
0.003651146075144706
0.0015931175205984099
0.0037884069831100645
0.026776477374424984
0.0014251707420965378
0.05693004423461057
0.25681723779274246
0.004015705900769395
0.01053014933881735
0.047749608524666635
0.03227168637545212
0.02485172456913982
0.20705236385528927
0.004993073287226292
0.006897860194998662
0.05969142000565006
0.0023650996154985487
0.01587661088468356
0.008571045553670074
0.00023571019351338395
0.006472872638180629
0.012768755402813163
3.842201826472971e-05
0.0008880442637276637
0.010870523017321073
0.23792598011972876
0.00020381130876558453
0.00746009469448477
0.0014647374419186837
0.028050348608423193
0.0006719002894404621
9.88274651006778e-07
0.02581278835502593
1.1626090104882367e-05
0.002606811991260002
0.031415856595088644
0.13250079316346697
0.01757295877342036
0.002747070589258498
0.0032730885525171947
0.06458698147595367
0.1286085485517571
0.010105660335306728
0.040956485492393294
0.06310768709310421
0.03020579869226395
0.007477057719572331
0.0019656958325164234
0.011931083223784484
0.005474556774134424
0.007191729808906584
0.0069553562812190725
0.012031051334670874
0.025963643779929154
0.022291600511189554
0.025682458617164304
0.051351507989363186
0.02269735592010039
0.09246384574872824
0.023006051099573026
0.057420760254105654
0.007752041358133919
0.010406110149790728
0.02984619592296466
0.011515409328792206
0.00013324972114470254
0.0032826100687140952
0.013892811102622912
0.056119561131884675
0.018310880129308982
0.11591799316053442
0.05186255971815965
0.04623938218913179
0.02231747696729296
0.011258456586402923
0.06674335690084605
0.05234874736192803
0.08210696755700728
0.14776864452108956
0.0025038997309471617
0.00010674574213361877
0.01208309815665509
0.009022018111398312
0.03720115651001317
0.08341671803824474
0.007198914604174333
0.007243223837367026
0.02290103365654965
0.001555343791191983
0.04143345141241736
0.008856621136904136
0.12259625656887738
0.03492007384068286
0.011119542517625767
0.029748414837355106
0.02561807897502712
0.01669675982769937
0.0654560485636422
0.0003523610642906361
0.027164766210435242
0.0008684257656716117
0.025595400527058453
0.19678631448458783
0.03438407391529229
0.0032826100687140952
0.052997944167085025
0.0186258793080921
0.011353508995021154
0.05646604216047353
0.04454282354855605
0.00017995337518903753
0.0032826100687140952
0.012326056373412752
0.023087645446485
0.0015137458073773214
0.003692850851531064
0.041631563719399745
1.70760631219521e-05
0.005655777041676366
0.0029922680679143046
0.02157766492316682
0.011368564232311496
0.002090417904169926
0.027834710851367864
0.041467307436191335
0.002090417904169926
0.0186258793080921
0.007477057719572331
0.0015931175205984099
0.006829178893604247
0.005655777041676366
0.0015137458073773214
0.03662416492312
0.005280338493966542
0.025963643779929154
0.004444573410527768
0.00340835332111928
0.011806520593629122
0.05234874736192803
0.03020579869226395
0.05693004423461057
0.027834710851367864
0.06458698147595367
0.0032826100687140952
0.007752041358133919
0.010870523017321073
0.23792598011972876
0.041631563719399745
0.20705236385528927
0.041631563719399745
0.03662416492312
0.23792598011972876
0.03020579869226395
0.0507335204393257
0.06674335690084605
0.11591799316053442
0.001555343791191983
0.007191729808906584
0.0006719002894404621
0.0023650996154985487
0.007198914604174333
0.056119561131884675
0.011119542517625767
1.1626090104882367e-05
0.02485172456913982
1.1626090104882367e-05
0.04143345141241736
0.03438407391529229
0.011353508995021154
0.029071033826079107
0.0036901646356911804
0.007243223837367026
0.011258456586402923
0.012031051334670874
0.004444573410527768
0.007198914604174333
0.004993073287226292
0.02157766492316682
0.0014647374419186837
0.02231747696729296
0.01757295877342036
0.00010674574213361877
0.19678631448458783
0.03492007384068286
0.023087645446485
0.0014251707420965378
0.018310880129308982
0.052997944167085025
0.025682458617164304
0.00013324972114470254
0.00022741103247397293
0.0032730885525171947
0.05646604216047353
0.00023571019351338395
0.0037884069831100645
0.01053014933881735
0.14776864452108956
0.25681723779274246
0.010870523017321073
0.08341671803824474
0.04454282354855605
0.002090417904169926
0.0006719002894404621
0.010406110149790728
0.047749608524666635
0.029748414837355106
0.00020381130876558453
0.01208309815665509
0.008856621136904136
0.012768755402813163
