0.007623670832744976
0.1898098535105584
0.014182508883852132
0.007092745352271834
0.021442105859963506
0.05023014503355982
0.040007734156369
6.998585239133213e-05
0.0
0.0
0.02773739857982779
0.011887632407568025
0.041787059000009945
0.0017935221241780711
0.0
0.0400817136590252
0.0
0.009653083498838071
0.015182587971499946
0.0
0.014802385080907057
0.0
0.019059508421122986
0.0
0.07407126133612409
0.0032637382648874553
0.0
0.3398841858011418
0.0
0.0
0.02773739857982779
0.0
0.014182508883852132
0.03477665171140451
0.0
0.009006162378678621
0.007437497321707558
0.018898954271760287
0.025492064709202254
0.0
0.0060610296521302
0.0
0.0
0.0
0.0
0.02773739857982779
6.998585239133213e-05
0.02589824548262601
0.027137847241145985
0.019656364748651987
0.0
0.0
0.0
0.08263894728446779
0.0
0.14611785888856332
0.43618198079953674
0.0028111703273008214
0.0032637382648874553
0.1679506706247459
0.0777989605915325
0.003967565275408466
0.3398841858011418
0.016449270080097687
0.21430732518160464
0.0
0.004863060923801557
0.011790767626200065
0.0
0.0
0.018898954271760287
0.0
0.0
0.019435114430432207
0.4512559030563484
0.0
0.007623670832744976
0.0
0.0014639906535170392
0.0
0.0
0.03409548250411968
0.0
0.0
0.052259272153015436
0.0
0.015182587971499946
0.0
0.0
0.12396184302247945
0.4433611366899547
0.009006162378678621
0.07407126133612409
0.1898098535105584
0.020652024200813045
0.0
0.0
0.010666795147823772
0.004079992362818489
0.0015139071625410929
0.0
0.014802385080907057
0.01085332297878656
0.014163691359886477
0.002350056719720858
0.1635350652111546
0.00906485129326757
0.016348794412771622
0.008451318648905453
0.03210701879620019
0.0022074438048326687
0.03477665171140451
0.003884141680248197
0.014182508883852132
0.0
0.007092745352271834
0.009305753954569557
0.1288047513926733
0.009653083498838071
0.18630863434745176
0.04782685355123049
0.2083427134713122
0.05449961296776764
0.00041432531568112604
0.2371600038118122
0.11460511726264297
0.28081796363925804
0.2928150261483939
0.0
0.0
0.004254842840466434
0.015566085754353622
0.019059508421122986
0.018282691828458392
0.0
0.00047304663245283617
0.005401923699624866
0.0
0.03179560808049559
0.0
0.011887632407568025
0.04233612716200098
0.011016234086071518
0.041787059000009945
0.06839017612856328
0.019057796172640286
0.13463708627128854
0.0
0.003596809107498015
0.002847859963990382
0.03876811436615856
0.48600511112460343
0.03692197360944471
0.007092745352271834
0.1017671212369921
0.040007734156369
0.030517032538703498
0.07649524362734983
0.04912703263473209
0.0
0.007092745352271834
0.021442105859963506
0.0017935221241780711
0.0
0.0
0.07855679087384346
0.0
0.0
0.007437497321707558
0.05023014503355982
0.00019947172400308668
0.0
0.0400817136590252
0.019656364748651987
0.0
0.040007734156369
0.0
0.0
0.013589671377590457
0.0
0.0
0.027137847241145985
0.0
0.01085332297878656
0.0
0.0
0.0
0.11460511726264297
0.020652024200813045
0.14611785888856332
0.0400817136590252
0.12396184302247945
0.007092745352271834
0.0022074438048326687
0.019435114430432207
0.4512559030563484
0.07855679087384346
0.3398841858011418
0.07855679087384346
0.027137847241145985
0.4512559030563484
0.020652024200813045
0.065886749234719
0.2371600038118122
0.18630863434745176
0.0
0.0015139071625410929
0.0
0.0
0.0
0.1288047513926733
0.011016234086071518
0.0
0.003967565275408466
0.0
0.03179560808049559
0.03692197360944471
0.030517032538703498
0.02589824548262601
0.0
0.00047304663245283617
0.00041432531568112604
0.014802385080907057
0.0
0.0
0.05023014503355982
0.0
0.05449961296776764
0.015182587971499946
0.0
0.48600511112460343
0.04233612716200098
0.0017935221241780711
0.0
0.009653083498838071
0.1017671212369921
0.002350056719720858
0.0
0.0
0.0
0.07649524362734983
0.0
0.0
0.0032637382648874553
0.2928150261483939
0.43618198079953674
0.019435114430432207
0.018282691828458392
0.04912703263473209
0.0
0.0
0.03477665171140451
0.1679506706247459
0.041787059000009945
0.0
0.004254842840466434
0.0
0.018898954271760287
