2.161922147023623619e+00
2.158512231996180031e+00
2.530110139454861518e+00
2.281452355226500028e+00
2.298627814863214880e+00
2.798291046593354814e+00
3.105514060502947427e+00
2.385033940551815057e+00
3.132784625069310103e+00
2.948584106680599781e+00
2.740095405597986922e+00
1.905234021878657868e+00
3.210870685813957515e+00
2.897269083393794631e+00
3.117609317032099980e+00
3.105734159134628136e+00
2.874644140437999873e+00
3.214752077051741708e+00
3.012387969552996481e+00
3.008135824605480124e+00
3.025885606470684941e+00
2.878607956493830056e+00
3.055786868872500062e+00
3.180819503683939953e+00
2.998461994085027893e+00
3.068928339184880283e+00
2.935482073998850083e+00
2.412894053890252799e+00
2.929858107406220213e+00
2.701136066092530097e+00
2.740095405597986922e+00
2.802547970281219936e+00
2.530110139454861518e+00
2.861832489064925156e+00
2.964909877565260032e+00
2.481039390522380206e+00
2.388752380826133059e+00
2.360082977916812652e+00
3.004686292595817765e+00
2.818397465441349947e+00
3.263844978772460159e+00
2.964909877565260032e+00
2.823578551650240076e+00
2.795789674695880134e+00
2.862584527170190185e+00
2.740095405597986922e+00
2.385033940551815057e+00
3.064012882615554378e+00
3.119956670718744718e+00
3.016738391884892678e+00
2.737788791709680147e+00
2.948055797584849813e+00
2.605757425047610099e+00
2.855941513779090002e+00
2.774699404076919951e+00
2.902598231343739954e+00
2.397521663687724125e+00
2.193834221500409853e+00
3.068928339184880283e+00
2.869722445205654893e+00
2.859507527197824750e+00
3.235237258259103132e+00
2.412894053890252799e+00
2.618156567575326665e+00
2.058901146670727655e+00
2.878607956493830056e+00
3.230738092341780110e+00
2.121779750942359932e+00
2.929858107406220213e+00
2.930266250172349984e+00
2.360082977916812652e+00
2.857772599710750150e+00
3.008135824605480124e+00
2.048266129088787579e+00
2.640532630458785501e+00
2.948584106680599781e+00
2.161922147023623619e+00
2.853046890151799797e+00
2.300264207686165019e+00
3.180819503683939953e+00
2.955485705889339787e+00
3.016960501287980101e+00
2.379033431817970001e+00
2.773918029433620092e+00
1.953598687024658442e+00
3.123694874818629952e+00
3.012387969552996481e+00
2.731645163405359789e+00
2.861414918636000060e+00
2.563398329851049873e+00
2.815596104866090243e+00
2.481039390522380206e+00
2.998461994085027893e+00
2.158512231996180031e+00
3.252353109078117921e+00
2.617503579279070181e+00
2.935482073998850083e+00
2.444017549261126465e+00
2.072648373742190131e+00
2.356522262064100204e+00
2.802547970281219936e+00
3.025885606470684941e+00
2.902616505967632321e+00
2.435399887841109834e+00
2.938495780777994781e+00
2.101951912588266413e+00
3.078982667929857531e+00
3.036561836571645134e+00
3.252993444805954759e+00
2.310749031673097420e+00
3.040922850177946390e+00
2.861832489064925156e+00
2.864364187216629887e+00
2.530110139454861518e+00
3.132784625069310103e+00
2.281452355226500028e+00
3.267007304951504043e+00
2.858685679561490112e+00
3.214752077051741708e+00
2.211126515703888185e+00
2.853944779008414034e+00
2.062408830978129881e+00
2.017734402837231489e+00
3.012891762442416521e+00
2.113999878853793923e+00
2.951205046347900485e+00
1.994425797294204994e+00
2.221364884992997002e+00
3.117609317032099980e+00
2.991770817801049809e+00
2.520815105244996968e+00
2.598453738396203416e+00
3.055786868872500062e+00
3.287567890108929802e+00
2.997469390500159925e+00
3.155920078733779999e+00
2.512927348712692410e+00
2.849222800367289921e+00
2.549122286790749925e+00
2.706632450873290185e+00
1.905234021878657868e+00
2.979517158612657646e+00
3.088361028030333078e+00
3.210870685813957515e+00
2.421957284237104879e+00
2.949624982953674923e+00
2.848070794005590045e+00
2.677488326683330033e+00
2.965061967939584875e+00
2.333493096344716466e+00
2.170467453444947736e+00
2.562619655292272647e+00
3.050060572818221960e+00
2.281452355226500028e+00
3.098933201178479813e+00
3.105514060502947427e+00
2.878848561763170277e+00
2.888468918498257931e+00
2.769961235499217800e+00
2.902367371575139909e+00
2.281452355226500028e+00
2.298627814863214880e+00
2.897269083393794631e+00
2.874644140437999873e+00
2.889648999191670065e+00
2.931078083713971605e+00
3.387758108494209885e+00
2.701136066092530097e+00
2.388752380826133059e+00
2.798291046593354814e+00
3.257181347591454834e+00
2.796192596855919810e+00
3.105734159134628136e+00
3.016738391884892678e+00
2.796192596855919810e+00
3.105514060502947427e+00
2.617503579279070181e+00
2.948055797584849813e+00
3.015486327015249657e+00
2.701136066092530097e+00
2.874644140437999873e+00
3.119956670718744718e+00
2.823578551650240076e+00
2.902616505967632321e+00
2.862584527170190185e+00
2.982307422738510017e+00
2.818397465441349947e+00
2.951205046347900485e+00
3.252353109078117921e+00
2.902598231343739954e+00
3.105734159134628136e+00
2.563398329851049873e+00
2.281452355226500028e+00
3.040922850177946390e+00
2.048266129088787579e+00
2.640532630458785501e+00
2.931078083713971605e+00
2.412894053890252799e+00
2.931078083713971605e+00
3.119956670718744718e+00
2.640532630458785501e+00
3.252353109078117921e+00
2.331871363955960064e+00
2.113999878853793923e+00
2.211126515703888185e+00
2.849222800367289921e+00
2.356522262064100204e+00
3.180819503683939953e+00
2.878607956493830056e+00
2.997469390500159925e+00
2.858685679561490112e+00
3.088361028030333078e+00
2.379033431817970001e+00
3.235237258259103132e+00
2.379033431817970001e+00
2.549122286790749925e+00
3.050060572818221960e+00
2.878848561763170277e+00
3.064012882615554378e+00
2.795789674695880134e+00
3.155920078733779999e+00
3.012891762442416521e+00
3.025885606470684941e+00
2.862584527170190185e+00
2.997469390500159925e+00
2.798291046593354814e+00
2.853046890151799797e+00
2.017734402837231489e+00
3.012387969552996481e+00
2.991770817801049809e+00
2.562619655292272647e+00
2.979517158612657646e+00
2.897269083393794631e+00
2.774699404076919951e+00
3.214752077051741708e+00
3.098933201178479813e+00
2.938495780777994781e+00
3.132784625069310103e+00
2.964909877565260032e+00
2.861414918636000060e+00
2.888468918498257931e+00
2.929858107406220213e+00
2.605757425047610099e+00
3.068928339184880283e+00
2.221364884992997002e+00
2.397521663687724125e+00
2.048266129088787579e+00
3.287567890108929802e+00
2.769961235499217800e+00
2.796192596855919810e+00
3.180819503683939953e+00
2.861832489064925156e+00
2.869722445205654893e+00
3.210870685813957515e+00
2.948584106680599781e+00
2.520815105244996968e+00
2.706632450873290185e+00
2.360082977916812652e+00
