0.013335319890558217
0.06735586466061011
0.011832486547032834
0.0
0.025420306070723077
0.0003344732553469384
0.016115840680078073
0.006286218540282157
0.0
0.0
0.08398789804490814
0.04559434270971336
0.008033975360019874
0.06013845260025094
0.0
0.006485148830165004
0.0
0.04792340400470768
0.01785893493141695
7.245680612759713e-05
0.008051409449547974
0.0
0.03521421891091259
0.0
0.02026754273548615
0.021413711738783626
0.0
0.36042847277016576
0.0
0.0
0.08398789804490814
0.0
0.011832486547032834
0.0011766467795622038
0.0
0.005029024342755696
0.0005597713048462373
0.006981096055588169
0.07792638666862911
0.0
0.023721800969247808
0.0
0.0
0.0
0.0
0.08398789804490814
0.006286218540282157
0.028480491170009902
0.06913717782519431
0.008019976830743165
0.0
0.0
0.0
0.00847862221031113
0.0
0.012093561588754445
0.31041492840972623
0.012334512689232574
0.021413711738783626
0.02589162317639008
0.027304351622207682
0.04277850306942531
0.36042847277016576
0.005570077061002699
0.05872577669744937
0.0
0.020052925962436477
0.01054888943005354
0.0
0.0
0.006981096055588169
0.0
7.245680612759713e-05
0.014251208247056025
0.2982651657361871
0.0
0.013335319890558217
0.0
0.06705295103931672
0.0
0.0
0.008881510016722877
0.0
0.0
0.07927523622718445
0.17340853857536687
0.01785893493141695
0.0
0.0
0.0743536497112376
0.01593541815039514
0.005029024342755696
0.02026754273548615
0.06735586466061011
0.03299280873407879
0.0
0.0
0.02146827205723934
0.002648918688375831
0.02776526834523825
0.0
0.008051409449547974
0.03558188296735444
0.032089106465462945
0.00042994283669581983
0.062410657461836355
0.05732493335506359
0.11190110719905214
0.005911867154389899
0.039423176533501685
0.01646895045093495
0.0011766467795622038
0.06814485728151995
0.011832486547032834
0.0
0.0
0.018619402294687455
0.1005930852224739
0.04792340400470768
0.2728334136633586
0.030585356410968923
0.02561146248748395
0.020622183145135514
0.009399748407956031
0.043167632424551294
0.12171004477463372
0.008374575303303176
0.22229529053871558
0.0
0.0
0.007650229013405098
0.014815558335559574
0.03521421891091259
0.021403533570497756
0.0
0.01535936651417897
0.054589218472957994
0.0
0.023800173568228267
0.0
0.04559434270971336
0.052702770569853466
0.021131659686482156
0.008033975360019874
0.04394105281802832
0.03250961057575569
0.0237490107890954
0.0
0.10463538663249376
0.00031741979494713865
0.06080667401512232
0.22680090388637636
0.02520897607737162
0.0
0.03257162242543995
0.016115840680078073
0.0014222305711268583
0.024135965781508183
0.035084720677635295
0.0
0.0
0.025420306070723077
0.06013845260025094
0.0
0.0
0.06624240724386359
0.0
0.0
0.0005597713048462373
0.0003344732553469384
0.012404150629117244
0.0
0.006485148830165004
0.008019976830743165
0.0
0.016115840680078073
0.0
0.0
0.00719317180094224
0.0
0.0
0.06913717782519431
0.0
0.03558188296735444
0.0
0.0
0.0
0.12171004477463372
0.03299280873407879
0.012093561588754445
0.006485148830165004
0.0743536497112376
0.0
0.01646895045093495
0.014251208247056025
0.2982651657361871
0.06624240724386359
0.36042847277016576
0.06624240724386359
0.06913717782519431
0.2982651657361871
0.03299280873407879
0.0958461507010836
0.043167632424551294
0.2728334136633586
0.0
0.02776526834523825
0.0
0.0
0.0
0.1005930852224739
0.021131659686482156
0.0
0.04277850306942531
0.0
0.023800173568228267
0.02520897607737162
0.0014222305711268583
0.028480491170009902
0.0
0.01535936651417897
0.009399748407956031
0.008051409449547974
0.0
0.0
0.0003344732553469384
0.0
0.020622183145135514
0.01785893493141695
0.0
0.22680090388637636
0.052702770569853466
0.06013845260025094
0.0
0.04792340400470768
0.03257162242543995
0.00042994283669581983
0.0
0.0
0.0
0.024135965781508183
0.0
0.0
0.021413711738783626
0.22229529053871558
0.31041492840972623
0.014251208247056025
0.021403533570497756
0.035084720677635295
0.0
0.0
0.0011766467795622038
0.02589162317639008
0.008033975360019874
0.0
0.007650229013405098
0.0
0.006981096055588169
