2.169495057974733410e+00
1.971288268688433432e+00
2.421411801833671884e+00
2.261524556472669811e+00
2.355309457046854682e+00
2.983626741804459748e+00
3.069283100313110246e+00
2.164070085734501880e+00
3.162821203526189784e+00
2.985731765149080008e+00
2.320827164388126640e+00
2.271837868789723380e+00
2.978570319303487590e+00
2.788280787255799975e+00
3.247813750396209898e+00
3.282507558214020182e+00
2.773406088015140103e+00
3.311721111315285349e+00
2.909040875833064810e+00
2.991809102691870059e+00
2.826712931484559821e+00
2.752063820803349881e+00
2.882318525135739939e+00
3.248267603534650050e+00
2.896863744943357410e+00
3.036331866378003674e+00
3.050847444082259941e+00
2.507494573246528358e+00
2.969807160278170155e+00
2.896823728531960018e+00
2.320827164388126640e+00
3.019556595546160072e+00
2.421411801833671884e+00
2.985756377612054813e+00
3.004149341900060222e+00
2.630039154705810400e+00
2.333690841114113290e+00
2.329382418094877671e+00
2.453932330665324901e+00
3.101131616599030139e+00
2.972713089761665373e+00
3.004149341900060222e+00
2.634497422569349823e+00
2.953856298224990073e+00
3.036057710071600191e+00
2.320827164388126640e+00
2.164070085734501880e+00
2.874103960342457853e+00
2.778283387697300100e+00
3.051483342696994949e+00
2.580560060639419895e+00
2.844197496988409846e+00
2.765914312276790188e+00
2.949948435386315015e+00
2.872930899174459984e+00
3.251380032571558942e+00
2.215721760603800217e+00
2.138926097367366719e+00
3.036331866378003674e+00
3.165313753393815155e+00
2.640824314686525121e+00
3.000974240787097180e+00
2.507494573246528358e+00
2.712760986838460120e+00
2.226690655824007603e+00
2.752063820803349881e+00
2.943553736708635071e+00
2.208270277231713319e+00
2.969807160278170155e+00
2.990161192898479925e+00
2.329382418094877671e+00
2.873901597864460200e+00
2.991809102691870059e+00
2.157427192859802556e+00
2.560228831834336027e+00
2.985731765149080008e+00
2.169495057974733410e+00
2.952632639757370114e+00
2.562107660509394869e+00
3.248267603534650050e+00
2.952898945910519934e+00
3.374865655167474721e+00
2.387905689512499929e+00
2.906771272433520181e+00
2.051452754297403480e+00
2.234478550091560045e+00
2.909040875833064810e+00
2.595264683361360181e+00
2.712548691164629933e+00
2.808382350931087679e+00
3.223544946357789875e+00
2.630039154705810400e+00
2.896863744943357410e+00
1.971288268688433432e+00
3.066549654475213327e+00
2.392503499681749801e+00
3.050847444082259941e+00
2.273275242585489853e+00
2.249854631484492273e+00
2.309559455691103214e+00
3.019556595546160072e+00
2.826712931484559821e+00
2.734165316108362553e+00
2.260604508392417333e+00
3.267194250197340111e+00
2.283493545487009779e+00
2.948031657652612658e+00
2.319718086967984760e+00
2.967639334088435277e+00
2.238094797322932372e+00
3.083390867796768742e+00
2.985756377612054813e+00
2.539616401214095376e+00
2.421411801833671884e+00
3.162821203526189784e+00
2.261524556472669811e+00
3.035448122682428362e+00
2.624648334247015047e+00
3.311721111315285349e+00
2.429403644611655366e+00
2.983435337162104073e+00
2.228776574528792409e+00
2.030942540734209878e+00
2.877948679424279899e+00
1.932948005916643508e+00
2.822487789243965928e+00
2.315558601725442589e+00
2.264728064568588106e+00
3.247813750396209898e+00
3.018654737258259946e+00
2.676979559589820035e+00
2.515722979974246432e+00
2.882318525135739939e+00
3.235482124170324880e+00
2.776693921478159854e+00
3.105634431802380302e+00
2.221169862596149791e+00
2.951842444691429979e+00
3.102737985395100040e+00
2.461753566125460146e+00
2.271837868789723380e+00
2.713854204924433855e+00
3.072538602317363310e+00
2.978570319303487590e+00
2.517160216163810027e+00
3.029318017767304916e+00
3.333397472155959829e+00
2.628644322284610091e+00
3.007457030691554678e+00
2.310495825889490096e+00
2.206836870959407726e+00
2.399328730752658512e+00
2.960450815266014057e+00
2.261524556472669811e+00
2.822259326347139829e+00
3.069283100313110246e+00
3.009908287304060348e+00
2.710403598284369941e+00
2.990936655249956999e+00
2.867461595085260218e+00
2.261524556472669811e+00
2.355309457046854682e+00
2.788280787255799975e+00
2.773406088015140103e+00
3.047773143707920074e+00
2.833310627180023911e+00
3.377005565670040177e+00
2.896823728531960018e+00
2.333690841114113290e+00
2.983626741804459748e+00
2.990802423408634780e+00
2.677223582548270198e+00
3.282507558214020182e+00
3.051483342696994949e+00
2.677223582548270198e+00
3.069283100313110246e+00
2.392503499681749801e+00
2.844197496988409846e+00
2.947128841689135026e+00
2.896823728531960018e+00
2.773406088015140103e+00
2.778283387697300100e+00
2.634497422569349823e+00
2.734165316108362553e+00
3.036057710071600191e+00
3.134218558082209949e+00
3.101131616599030139e+00
2.822487789243965928e+00
3.066549654475213327e+00
3.251380032571558942e+00
3.282507558214020182e+00
2.808382350931087679e+00
2.261524556472669811e+00
3.083390867796768742e+00
2.157427192859802556e+00
2.560228831834336027e+00
2.833310627180023911e+00
2.507494573246528358e+00
2.833310627180023911e+00
2.778283387697300100e+00
2.560228831834336027e+00
3.066549654475213327e+00
2.550161864840009951e+00
1.932948005916643508e+00
2.429403644611655366e+00
2.951842444691429979e+00
2.309559455691103214e+00
3.248267603534650050e+00
2.752063820803349881e+00
2.776693921478159854e+00
2.624648334247015047e+00
3.072538602317363310e+00
2.387905689512499929e+00
3.000974240787097180e+00
2.387905689512499929e+00
3.102737985395100040e+00
2.960450815266014057e+00
3.009908287304060348e+00
2.874103960342457853e+00
2.953856298224990073e+00
3.105634431802380302e+00
2.877948679424279899e+00
2.826712931484559821e+00
3.036057710071600191e+00
2.776693921478159854e+00
2.983626741804459748e+00
2.952632639757370114e+00
2.030942540734209878e+00
2.909040875833064810e+00
3.018654737258259946e+00
2.399328730752658512e+00
2.713854204924433855e+00
2.788280787255799975e+00
2.872930899174459984e+00
3.311721111315285349e+00
2.822259326347139829e+00
3.267194250197340111e+00
3.162821203526189784e+00
3.004149341900060222e+00
2.712548691164629933e+00
2.710403598284369941e+00
2.969807160278170155e+00
2.765914312276790188e+00
3.036331866378003674e+00
2.264728064568588106e+00
2.215721760603800217e+00
2.157427192859802556e+00
3.235482124170324880e+00
2.990936655249956999e+00
2.677223582548270198e+00
3.248267603534650050e+00
2.985756377612054813e+00
3.165313753393815155e+00
2.978570319303487590e+00
2.985731765149080008e+00
2.676979559589820035e+00
2.461753566125460146e+00
2.329382418094877671e+00
