1.300000000000000000e+01
2.200000000000000000e+01
2.300000000000000000e+01
2.600000000000000000e+01
3.000000000000000000e+01
3.400000000000000000e+01
5.000000000000000000e+01
5.500000000000000000e+01
5.600000000000000000e+01
7.300000000000000000e+01
7.700000000000000000e+01
8.200000000000000000e+01
8.600000000000000000e+01
9.600000000000000000e+01
9.800000000000000000e+01
1.010000000000000000e+02
1.230000000000000000e+02
1.300000000000000000e+02
1.380000000000000000e+02
1.530000000000000000e+02
1.540000000000000000e+02
1.560000000000000000e+02
1.570000000000000000e+02
1.670000000000000000e+02
1.690000000000000000e+02
1.700000000000000000e+02
1.780000000000000000e+02
1.810000000000000000e+02
1.850000000000000000e+02
2.140000000000000000e+02
2.160000000000000000e+02
2.250000000000000000e+02
2.300000000000000000e+02
2.320000000000000000e+02
2.360000000000000000e+02
2.640000000000000000e+02
2.740000000000000000e+02
2.750000000000000000e+02
2.770000000000000000e+02
2.890000000000000000e+02
3.030000000000000000e+02
3.040000000000000000e+02
3.090000000000000000e+02
3.140000000000000000e+02
3.170000000000000000e+02
3.530000000000000000e+02
3.640000000000000000e+02
3.670000000000000000e+02
3.720000000000000000e+02
3.950000000000000000e+02
4.350000000000000000e+02
4.510000000000000000e+02
4.640000000000000000e+02
4.690000000000000000e+02
4.730000000000000000e+02
4.760000000000000000e+02
4.930000000000000000e+02
5.070000000000000000e+02
5.110000000000000000e+02
5.150000000000000000e+02
5.170000000000000000e+02
5.200000000000000000e+02
5.210000000000000000e+02
5.520000000000000000e+02
5.560000000000000000e+02
5.610000000000000000e+02
5.660000000000000000e+02
5.890000000000000000e+02
6.020000000000000000e+02
6.030000000000000000e+02
6.050000000000000000e+02
6.060000000000000000e+02
6.210000000000000000e+02
6.310000000000000000e+02
6.350000000000000000e+02
6.720000000000000000e+02
6.760000000000000000e+02
6.790000000000000000e+02
6.890000000000000000e+02
6.910000000000000000e+02
6.930000000000000000e+02
7.050000000000000000e+02
7.120000000000000000e+02
7.350000000000000000e+02
7.460000000000000000e+02
7.510000000000000000e+02
7.680000000000000000e+02
7.770000000000000000e+02
7.800000000000000000e+02
7.910000000000000000e+02
7.920000000000000000e+02
8.060000000000000000e+02
8.120000000000000000e+02
8.280000000000000000e+02
8.410000000000000000e+02
8.440000000000000000e+02
8.600000000000000000e+02
8.950000000000000000e+02
8.980000000000000000e+02
9.040000000000000000e+02
9.260000000000000000e+02
9.290000000000000000e+02
9.660000000000000000e+02
9.760000000000000000e+02
9.770000000000000000e+02
9.830000000000000000e+02
9.940000000000000000e+02
1.001000000000000000e+03
1.002000000000000000e+03
1.004000000000000000e+03
1.005000000000000000e+03
1.013000000000000000e+03
1.044000000000000000e+03
1.046000000000000000e+03
1.059000000000000000e+03
1.064000000000000000e+03
1.069000000000000000e+03
1.071000000000000000e+03
1.072000000000000000e+03
1.074000000000000000e+03
1.076000000000000000e+03
1.079000000000000000e+03
1.083000000000000000e+03
1.093000000000000000e+03
1.098000000000000000e+03
1.099000000000000000e+03
1.100000000000000000e+03
1.102000000000000000e+03
1.104000000000000000e+03
1.105000000000000000e+03
1.107000000000000000e+03
1.115000000000000000e+03
1.117000000000000000e+03
1.118000000000000000e+03
1.125000000000000000e+03
1.129000000000000000e+03
1.166000000000000000e+03
1.171000000000000000e+03
1.178000000000000000e+03
1.198000000000000000e+03
1.216000000000000000e+03
1.218000000000000000e+03
1.219000000000000000e+03
1.246000000000000000e+03
1.254000000000000000e+03
1.266000000000000000e+03
1.268000000000000000e+03
1.271000000000000000e+03
1.277000000000000000e+03
1.287000000000000000e+03
1.294000000000000000e+03
1.300000000000000000e+03
1.302000000000000000e+03
1.311000000000000000e+03
1.317000000000000000e+03
1.323000000000000000e+03
1.324000000000000000e+03
1.325000000000000000e+03
1.330000000000000000e+03
1.337000000000000000e+03
1.342000000000000000e+03
1.349000000000000000e+03
1.357000000000000000e+03
1.361000000000000000e+03
1.363000000000000000e+03
1.381000000000000000e+03
1.388000000000000000e+03
1.393000000000000000e+03
1.397000000000000000e+03
1.400000000000000000e+03
1.404000000000000000e+03
1.416000000000000000e+03
1.422000000000000000e+03
1.431000000000000000e+03
1.434000000000000000e+03
1.439000000000000000e+03
1.446000000000000000e+03
1.488000000000000000e+03
1.505000000000000000e+03
1.512000000000000000e+03
1.557000000000000000e+03
1.560000000000000000e+03
1.562000000000000000e+03
1.565000000000000000e+03
1.567000000000000000e+03
1.570000000000000000e+03
1.573000000000000000e+03
1.593000000000000000e+03
1.606000000000000000e+03
1.622000000000000000e+03
1.649000000000000000e+03
1.658000000000000000e+03
1.663000000000000000e+03
1.672000000000000000e+03
1.682000000000000000e+03
1.705000000000000000e+03
1.714000000000000000e+03
1.733000000000000000e+03
1.736000000000000000e+03
1.743000000000000000e+03
1.750000000000000000e+03
1.762000000000000000e+03
1.769000000000000000e+03
1.774000000000000000e+03
1.783000000000000000e+03
1.794000000000000000e+03
1.800000000000000000e+03
1.803000000000000000e+03
1.804000000000000000e+03
1.812000000000000000e+03
1.825000000000000000e+03
1.835000000000000000e+03
1.838000000000000000e+03
1.839000000000000000e+03
1.844000000000000000e+03
1.870000000000000000e+03
1.872000000000000000e+03
1.874000000000000000e+03
1.875000000000000000e+03
1.905000000000000000e+03
1.915000000000000000e+03
1.917000000000000000e+03
1.924000000000000000e+03
1.954000000000000000e+03
1.956000000000000000e+03
1.963000000000000000e+03
1.964000000000000000e+03
1.982000000000000000e+03
1.984000000000000000e+03
1.996000000000000000e+03
1.998000000000000000e+03
2.006000000000000000e+03
2.014000000000000000e+03
2.025000000000000000e+03
2.045000000000000000e+03
2.049000000000000000e+03
2.057000000000000000e+03
2.061000000000000000e+03
2.062000000000000000e+03
2.097000000000000000e+03
2.099000000000000000e+03
2.101000000000000000e+03
2.103000000000000000e+03
2.105000000000000000e+03
2.111000000000000000e+03
2.113000000000000000e+03
2.115000000000000000e+03
2.129000000000000000e+03
2.142000000000000000e+03
2.149000000000000000e+03
2.158000000000000000e+03
2.166000000000000000e+03
2.169000000000000000e+03
2.170000000000000000e+03
2.189000000000000000e+03
2.194000000000000000e+03
2.203000000000000000e+03
2.232000000000000000e+03
2.234000000000000000e+03
2.238000000000000000e+03
2.246000000000000000e+03
2.252000000000000000e+03
2.259000000000000000e+03
2.263000000000000000e+03
2.265000000000000000e+03
2.270000000000000000e+03
2.298000000000000000e+03
2.306000000000000000e+03
2.313000000000000000e+03
2.315000000000000000e+03
2.330000000000000000e+03
2.333000000000000000e+03
2.336000000000000000e+03
2.337000000000000000e+03
2.343000000000000000e+03
2.351000000000000000e+03
2.353000000000000000e+03
2.354000000000000000e+03
2.367000000000000000e+03
2.369000000000000000e+03
2.370000000000000000e+03
2.390000000000000000e+03
2.421000000000000000e+03
2.439000000000000000e+03
2.441000000000000000e+03
2.446000000000000000e+03
2.451000000000000000e+03
2.476000000000000000e+03
2.480000000000000000e+03
2.492000000000000000e+03
2.496000000000000000e+03
2.502000000000000000e+03
2.510000000000000000e+03
2.517000000000000000e+03
2.538000000000000000e+03
2.543000000000000000e+03
2.545000000000000000e+03
2.547000000000000000e+03
2.566000000000000000e+03
2.570000000000000000e+03
2.571000000000000000e+03
2.575000000000000000e+03
2.583000000000000000e+03
2.609000000000000000e+03
2.613000000000000000e+03
2.619000000000000000e+03
2.620000000000000000e+03
2.621000000000000000e+03
2.646000000000000000e+03
2.656000000000000000e+03
2.658000000000000000e+03
2.678000000000000000e+03
2.682000000000000000e+03
2.685000000000000000e+03
2.686000000000000000e+03
2.687000000000000000e+03
2.692000000000000000e+03
2.703000000000000000e+03
2.718000000000000000e+03
2.738000000000000000e+03
