0.021123048157919506
0.031261035857571194
0.050486900547003354
0.01086838804262353
0.01507496568342471
0.004969392907757272
0.005453057738672048
0.02227888943098845
0.038688610508164196
0.004188083825233055
0.05301958929696141
0.0019503156713585317
0.02206473380203799
0.057281734331359
0.1069518558173078
0.030982765452184577
0.021526827133230907
0.003661086932798581
0.01863512668614762
0.01938693759719627
0.05603652374306208
0.021123048157919506
0.020510084208469215
0.031908256177004976
0.0026435758249026445
0.013388131526153257
0.025146827708964453
0.031908256177004976
0.02004973659969022
0.024293262196295025
0.03434048100501105
0.01507496568342471
0.0750556898401924
0.034295211927285255
0.0033454282748649846
0.004224803264408807
0.037721642344391626
0.03907715739863223
0.0027809957916353515
0.0155629953679166
0.014347231155049503
0.021526827133230907
0.021393247201266744
0.010026337091574277
0.1069518558173078
0.05897423707817347
0.0
0.01863512668614762
0.0007552220885981032
0.0026435758249026445
0.001206979914756022
0.057281734331359
0.2534321718029817
0.005453057738672048
0.003319396728287035
0.030982765452184577
0.007934696377705852
0.05640304514184059
0.03916154035845047
0.0252635917799614
0.003869485556264687
0.0241427305684028
0.1191759802301546
0.03429155987974683
0.003661086932798581
0.004756411817669566
0.004188478820275305
0.05603652374306208
0.025942605728924137
0.011028776748726201
0.02721791446548469
0.02788397270490875
0.020510084208469215
0.11970640418518286
0.021123048157919506
0.004969392907757272
0.0183368872572433
0.02206473380203799
0.007875730590434884
0.0560427168766258
0.004188083825233055
0.03432246499544326
0.024644035609028354
0.002632697850303253
0.014991417048835257
0.02227888943098845
0.05662633851802603
0.034086146027612174
0.08531609672210667
0.021962181607565967
0.031095867612128302
0.022566500752734423
0.053313886933830296
0.11728905790061579
0.01086838804262353
0.001298675585808829
0.031261035857571194
0.038688610508164196
0.0019503156713585317
0.00578725819891922
0.04126852123792139
0.006998868373747389
0.01938693759719627
0.050486900547003354
0.02561235134973976
0.01922848551366366
0.05301958929696141
0.01922848551366366
0.01086838804262353
0.03429155987974683
0.004224803264408807
0.014349185437819179
0.01938693759719627
0.0019503156713585317
0.034295211927285255
0.02004973659969022
0.03434048100501105
0.006933155909957984
0.013388131526153257
0.0560427168766258
0.0155629953679166
0.05301958929696141
0.2534321718029817
0.04126852123792139
0.04126852123792139
0.034295211927285255
0.017716005119192964
0.002632697850303253
0.030982765452184577
0.1069518558173078
0.024644035609028354
0.03916154035845047
0.03916154035845047
0.053313886933830296
0.0750556898401924
0.024293262196295025
0.03434048100501105
0.024644035609028354
0.050486900547003354
0.003319396728287035
0.03432246499544326
0.05662633851802603
0.038688610508164196
0.0027809957916353515
0.02206473380203799
0.11728905790061579
0.025942605728924137
0.004969392907757272
0.031908256177004976
0.0241427305684028
0.01863512668614762
0.037721642344391626
0.021526827133230907
0.2534321718029817
0.01922848551366366
0.030982765452184577
0.020510084208469215
0.005453057738672048
0.014991417048835257
0.0026435758249026445
