2.305201044835987201e+00
2.401860022729013444e+00
2.888024244576110178e+00
3.113691247676590113e+00
2.227315135215949926e+00
3.098716119229263821e+00
3.026922000892399822e+00
2.037541648024382646e+00
2.820319514612416700e+00
3.208812792438159978e+00
3.230254185625839991e+00
2.813022270769166777e+00
3.282957726872792747e+00
2.923197151590529952e+00
2.705977541067957848e+00
3.059814641056635143e+00
3.047795539767589990e+00
3.020024507398629598e+00
2.853288065643867721e+00
2.879616925795943416e+00
2.736218738602819833e+00
2.305201044835987201e+00
2.828917629027982716e+00
3.110330312400526598e+00
2.265949153101539881e+00
2.954062283235873831e+00
2.996505358910402705e+00
3.110330312400526598e+00
2.851258828170442072e+00
2.761168722920937402e+00
2.853878389286245376e+00
2.227315135215949926e+00
3.004045992550132382e+00
2.767271261595382725e+00
2.675129294012282610e+00
2.930962300698606526e+00
2.768077831949689926e+00
2.776084389957396592e+00
2.844850887927182104e+00
3.130129523952417170e+00
2.279807340929453474e+00
3.047795539767589990e+00
3.010861076326190044e+00
2.603089880919859933e+00
2.705977541067957848e+00
2.854449256883474728e+00
1.999304572338350017e+00
2.853288065643867721e+00
2.969082808144823726e+00
2.265949153101539881e+00
2.889957862503910402e+00
2.923197151590529952e+00
2.468043685931352371e+00
3.026922000892399822e+00
2.873973609966983478e+00
3.059814641056635143e+00
2.995469279173844868e+00
3.140031809434964849e+00
2.581216078901477307e+00
2.734699187825360145e+00
2.670159722470587305e+00
2.888098581339266335e+00
2.697775848067712534e+00
2.671483789172464984e+00
3.020024507398629598e+00
2.454174719617976397e+00
2.237764355474679778e+00
2.736218738602819833e+00
3.069036868850882449e+00
2.419451192383700100e+00
2.704967256499495321e+00
3.156858060056105142e+00
2.828917629027982716e+00
2.760263378105843213e+00
2.305201044835987201e+00
3.098716119229263821e+00
3.009508687419409689e+00
3.282957726872792747e+00
2.985640166048119770e+00
2.968661925840060167e+00
3.208812792438159978e+00
2.874441971394366302e+00
2.977967301139300194e+00
2.900532622529359728e+00
2.584193008499375388e+00
2.037541648024382646e+00
2.935227966485319584e+00
2.948634060470126883e+00
2.875386742983586430e+00
2.732604520873520126e+00
3.097126248729889841e+00
2.224001717409382461e+00
3.028546843668166844e+00
2.669649077169232942e+00
3.113691247676590113e+00
2.858949481915815216e+00
2.401860022729013444e+00
2.820319514612416700e+00
2.813022270769166777e+00
2.917227535502805225e+00
2.947661767134057698e+00
3.301671766321125467e+00
2.879616925795943416e+00
2.888024244576110178e+00
3.103519836784826680e+00
2.770938966765522871e+00
3.230254185625839991e+00
2.770938966765522871e+00
3.113691247676590113e+00
2.671483789172464984e+00
2.930962300698606526e+00
3.068696393079015206e+00
2.879616925795943416e+00
2.813022270769166777e+00
2.767271261595382725e+00
2.851258828170442072e+00
2.853878389286245376e+00
3.007516798251699708e+00
2.954062283235873831e+00
2.968661925840060167e+00
3.130129523952417170e+00
3.230254185625839991e+00
2.468043685931352371e+00
2.947661767134057698e+00
2.947661767134057698e+00
2.767271261595382725e+00
2.436888800689672951e+00
2.900532622529359728e+00
3.059814641056635143e+00
2.705977541067957848e+00
2.977967301139300194e+00
2.581216078901477307e+00
2.581216078901477307e+00
3.028546843668166844e+00
3.004045992550132382e+00
2.761168722920937402e+00
2.853878389286245376e+00
2.977967301139300194e+00
2.888024244576110178e+00
2.873973609966983478e+00
2.874441971394366302e+00
2.935227966485319584e+00
2.820319514612416700e+00
2.844850887927182104e+00
3.282957726872792747e+00
2.669649077169232942e+00
3.069036868850882449e+00
3.098716119229263821e+00
3.110330312400526598e+00
2.888098581339266335e+00
2.853288065643867721e+00
2.768077831949689926e+00
3.047795539767589990e+00
2.468043685931352371e+00
2.770938966765522871e+00
3.059814641056635143e+00
2.828917629027982716e+00
3.026922000892399822e+00
2.584193008499375388e+00
2.265949153101539881e+00
