0 1 2 |PI656015|0.0041878821630318445
3 4 5 |PI642998|5.219094996105676e-06
6 7 8 |PI330196|0.0018583399035724086
9 10 11 |PI452692|0.0008345035352912193
12 13 14 |PI533998|0.00044673104679128684
15 16 17 |PI542718|0.003955886910540027
18 19 20 |PI329403|8.84654688515598e-06
21 22 23 |PI329617|0.00151222315381932
24 25 26 |PI563329|0.000685015608604654
27 28 29 |PI329570|0.0021276810912773257
30 31 32 |PI329710|0.001380050761167319
33 34 35 |PI619838|0.0013544177453987856
36 37 38 |PI329702|0.008404920725481439
39 40 41 |PI156268|8.363447408532797e-05
42 43 44 |PI570145|0.0018529493438583199
45 46 47 |PI329569|0.0025219046645868115
48 49 50 |PI563330|0.0024528399769245903
51 52 53 |PI656015|0.0041878821630318445
54 55 56 |PI329584|0.00105108622479491
57 58 59 |PI251672|0.0004857581831973138
60 61 62 |PI569423|0.0020288412406833096
63 64 65 |PI533998|0.00044673104679128684
66 67 68 |PI329301|0.00010882751602697997
69 70 71 |PI521290|0.0021012000590430974
72 73 74 |PI585577|0.005565584241411735
75 76 77 |PI569427|0.0058204415420095
78 79 80 81 82 83 |PI154844|0.00023781226857753693
84 85 86 |PI330181|0.0018050543421345132
87 88 89 |PI329569|0.0025219046645868115
90 91 92 |PI330185|0.0007553440573233785
93 94 95 |PI152694|0.0003885275610865123
96 97 98 |PI330168|0.0021361418485717665
99 100 101 |PI563330|0.0024528399769245903
102 103 104 |PI550604|0.0018205617073857854
105 106 107 |PI156487|0.0023875897395789175
108 109 110 |PI619838|0.0013544177453987856
111 112 113 |PI562970|0.002238100564546946
114 115 116 |PI526905|1.1451572721949412e-05
117 118 119 |PI156203|0.005920807473336419
120 121 122 |PI181899|0.0012046655068131838
123 124 125 |PI569446|0.00024491575948190424
126 127 128 |PI329710|0.001380050761167319
129 130 131 |PI455217|9.198545968670681e-05
132 133 134 |PI569443|0.001056080296680969
135 136 137 |PI570145|0.0018529493438583199
138 139 |PI562732|8.0498975486835e-05
140 141 142 143 144 145 |PI297155|0.006043825824878083
146 147 148 |PI329702|0.008404920725481439
149 150 151 |PI452544|0.0011152383589096853
152 153 154 |PI561840|0.0012611454496366812
155 156 157 |PI329665|0.00026062768489351206
158 159 160 |PI593916|0.0008552433589143748
161 162 163 |PI152963|0.004575263508851527
164 165 166 |PI569421|0.0353396339322196
167 168 169 |PI156393|0.0030852965862452494
170 171 172 |PI157804|0.0013802559644852084
173 174 175 |PI329584|0.00105108622479491
176 177 178 |PI570109|0.005169716908988663
179 180 181 |PI656015|0.0041878821630318445
182 183 184 |PI196049|0.00041898060490521105
185 186 187 |PI569148|0.006124945033472117
188 189 190 |PI329570|0.0021276810912773257
191 192 193 |PI576399|0.0025322265072678183
194 195 196 |PI569452|0.08019990739777288
197 198 199 |PI181083|0.0007274052796274764
200 201 |PI533792|0.0033521411854411033
202 203 204 |PI563332|0.00034172111406325555
205 206 207 |PI540518|0.002070455935829301
208 209 210 |PI156268|8.363447408532797e-05
211 212 213 |PI329310|4.842146146159552e-06
214 215 216 |PI535794|0.0008342172485482751
217 218 219 |PI542718|0.003955886910540027
220 221 222 |PI569097|0.00122189884068645
223 224 225 |PI329403|8.84654688515598e-06
226 227 228 |PI300119|0.00019114760623695508
229 230 231 |PI569422|0.0039523716700451015
232 233 234 |PI156018|9.992917867964249e-05
235 236 237 |PI643016|0.000455146554759993
238 239 240 |PI92270|0.00019680763861609123
241 242 243 |PI329519|0.010853629970188619
244 245 246 |PI329841|0.0002820401504458507
247 248 249 |PI329843|0.003396535964949734
250 251 252 |PI452692|0.0008345035352912193
253 254 255 |PI329256|0.0028501493031256393
256 257 258 |PI329511|0.0026848531260004597
259 260 261 |PI642998|5.219094996105676e-06
262 263 264 |PI329617|0.00151222315381932
265 266 267 |PI562985|0.00032969918145734966
268 269 270 |PI330196|0.0018583399035724086
271 272 |PI152728|0.0010072646547318988
273 274 275 |PI563329|0.000685015608604654
276 277 278 |PI585577|0.005565584241411735
279 280 281 |PI452692|0.0008345035352912193
282 283 284 |PI521290|0.0021012000590430974
285 286 287 |PI452544|0.0011152383589096853
288 289 290 |PI563332|0.00034172111406325555
291 292 |PI562732|8.0498975486835e-05
293 294 295 296 297 298 |PI154844|0.00023781226857753693
299 300 301 |PI563329|0.000685015608604654
302 303 304 |PI455217|9.198545968670681e-05
305 306 307 |PI562970|0.002238100564546946
308 309 310 |PI562985|0.00032969918145734966
311 312 313 |PI563330|0.0024528399769245903
314 315 316 |PI562985|0.00032969918145734966
317 318 319 |PI521290|0.0021012000590430974
320 321 322 |PI562970|0.002238100564546946
323 324 |PI562732|8.0498975486835e-05
325 326 327 |PI52606|0.006503563537010687
328 329 |PI533792|0.0033521411854411033
330 331 332 |PI576399|0.0025322265072678183
333 334 335 |PI569148|0.006124945033472117
336 337 338 |PI330168|0.0021361418485717665
339 340 341 |PI329841|0.0002820401504458507
342 343 344 |PI329301|0.00010882751602697997
345 346 347 |PI329702|0.008404920725481439
348 349 350 |PI330196|0.0018583399035724086
351 352 353 |PI329710|0.001380050761167319
354 355 356 |PI329519|0.010853629970188619
357 358 359 |PI569097|0.00122189884068645
360 361 362 |PI329617|0.00151222315381932
363 364 365 |PI329570|0.0021276810912773257
366 367 368 |PI329843|0.003396535964949734
369 370 371 |PI329665|0.00026062768489351206
372 373 374 |PI329256|0.0028501493031256393
375 376 377 |PI329569|0.0025219046645868115
378 379 380 |PI330181|0.0018050543421345132
381 382 383 |PI329310|4.842146146159552e-06
384 385 386 |PI329511|0.0026848531260004597
387 388 389 |PI329584|0.00105108622479491
390 391 392 |PI330185|0.0007553440573233785
393 394 395 |PI329403|8.84654688515598e-06
