2.304489213782739965e-01
1.238516409670859936e-01
2.787536009528289727e-01
5.065050324048719910e-01
5.078558716958310182e-01
5.118833609788739913e-01
5.132176000679390393e-01
5.987905067631149603e-01
5.024271199844330127e-01
5.634810853944109965e-01
5.550944485783190219e-01
6.201360549737580108e-01
7.188200730612540057e-02
2.118929906993809870e-02
3.742649794062370000e-02
4.082399653118499727e-01
3.031960574204889958e-01
4.533183400470380264e-01
6.127838567197360087e-01
6.190933306267429881e-01
6.127838567197360087e-01
5.171958979499740039e-01
5.198279937757189773e-01
6.009728956867480543e-01
5.831987739686229633e-01
5.250448070368449738e-01
5.774917998372249839e-01
5.403294747908740092e-01
5.403294747908740092e-01
4.424797690644490245e-01
5.831987739686229633e-01
5.693739096150459700e-01
6.541765418779610375e-01
3.521825181113629744e-01
3.579348470004540261e-01
4.329692908744059987e-01
4.941545940184430274e-01
6.148972160331349635e-01
7.185016888672739466e-01
6.242820958356679606e-01
6.201360549737580108e-01
6.031443726201819455e-01
4.593924877592310274e-01
4.608978427565479929e-01
5.514499979728749723e-01
6.106601630898800259e-01
6.042260530844699717e-01
5.010592622177509892e-01
6.273658565927330288e-01
5.490032620257879747e-01
6.683859166900000259e-01
2.304489213782739965e-01
1.238516409670859936e-01
2.787536009528289727e-01
5.301996982030819927e-01
5.877109650189109580e-01
6.063813651106050306e-01
4.393326938302630214e-01
4.927603890268379971e-01
4.727564493172120019e-01
3.138672203691529883e-01
3.560258571931230187e-01
4.232458739368080147e-01
7.188200730612540057e-02
2.118929906993809870e-02
3.742649794062370000e-02
6.095944092252200130e-01
6.170003411208989652e-01
6.344772701607319654e-01
5.453071164658239711e-01
5.185139398778869646e-01
6.263403673750419509e-01
4.698220159781629768e-01
6.053050461411100258e-01
4.313637641589869731e-01
3.483048630481609953e-01
2.304489213782739965e-01
4.149733479708179740e-01
5.921767573958669484e-01
5.682017240669949842e-01
5.954962218255740458e-01
5.575072019056579453e-01
5.998830720736879618e-01
5.763413502057930238e-01
6.857417386022639505e-01
5.831987739686229633e-01
6.190933306267429881e-01
6.106601630898800259e-01
6.042260530844699717e-01
5.010592622177509892e-01
6.374897295125110386e-01
6.972293427597180404e-01
6.404814369704220356e-01
4.281347940287890119e-01
3.820170425748680154e-01
3.926969532596660262e-01
4.814426285023050145e-01
4.297522800024080047e-01
5.428254269591800130e-01
6.273658565927330288e-01
5.490032620257879747e-01
6.683859166900000259e-01
1.335389083702180069e-01
1.846914308175990060e-01
2.380461031287950113e-01
5.538830266438740102e-01
5.024271199844330127e-01
4.345689040341990106e-01
3.521825181113629744e-01
3.579348470004540261e-01
4.329692908744059987e-01
5.145477526602859619e-01
4.313637641589869731e-01
5.428254269591800130e-01
8.635983067474820030e-02
7.918124604762480367e-02
8.635983067474820030e-02
4.361626470407560241e-01
5.289167002776550275e-01
3.404441148401179951e-01
3.053513694466239992e-01
2.430380486862940004e-01
3.242824552976930064e-01
3.636119798921439994e-01
3.636119798921439994e-01
3.304137733491909756e-01
5.831987739686229633e-01
5.693739096150459700e-01
6.541765418779610375e-01
6.201360549737580108e-01
6.404814369704220356e-01
6.201360549737580108e-01
4.393326938302630214e-01
4.031205211758179807e-01
3.598354823398879909e-01
4.593924877592310274e-01
4.608978427565479929e-01
5.514499979728749723e-01
6.232492903979000021e-01
6.053050461411100258e-01
3.617278360175930074e-01
1.492191126553799874e-01
3.483048630481609953e-01
3.783979009481380218e-01
3.521825181113629744e-01
3.304137733491909756e-01
4.941545940184430274e-01
6.148972160331349635e-01
7.185016888672739466e-01
5.998830720736879618e-01
5.910646070264989893e-01
5.250448070368449738e-01
2.530586526477029974e-02
1.105897102992489944e-01
8.278537031645009925e-02
5.453071164658239711e-01
5.145477526602859619e-01
5.514499979728749723e-01
-4.364805402450089994e-03
1.283722470517219966e-02
6.445798922691850508e-02
4.727564493172120019e-01
5.237464668115640043e-01
3.617278360175930074e-01
3.873898263387289820e-01
-5.060999335508720165e-02
4.532297878665750290e-02
4.638929889859069733e-01
4.116197059632299982e-01
5.465426634781309634e-01
5.105450102066120266e-01
4.727564493172120019e-01
4.199557484897579740e-01
5.301996982030819927e-01
5.877109650189109580e-01
6.063813651106050306e-01
4.116197059632299982e-01
3.263358609287509982e-01
2.355284469075490106e-01
2.304489213782739965e-01
1.238516409670859936e-01
2.787536009528289727e-01
6.655809910179529831e-01
6.839471307515120335e-01
7.151673578484579741e-01
5.514499979728749723e-01
4.265112613645750117e-01
6.148972160331349635e-01
5.403294747908740092e-01
5.403294747908740092e-01
4.424797690644490245e-01
2.900346113625180133e-01
4.099331233312950018e-01
3.747483460101039832e-01
5.877109650189109580e-01
1.283722470517219966e-02
6.364878963533650014e-01
2.900346113625180133e-01
2.405492482825999923e-01
3.031960574204889958e-01
-2.687214640030139920e-02
-1.426675035687320070e-01
6.532125137753439503e-01
6.946051989335689791e-01
6.580113966571119466e-01
3.404441148401179951e-01
2.304489213782739965e-01
3.010299956639809760e-01
6.242820958356679606e-01
6.201360549737580108e-01
6.031443726201819455e-01
6.273658565927330288e-01
6.314437690131720071e-01
6.324572921847240181e-01
1.492191126553799874e-01
1.846914308175990060e-01
1.139433523068369980e-01
4.082399653118499727e-01
3.031960574204889958e-01
4.533183400470380264e-01
5.158738437116789921e-01
5.502283530550939883e-01
6.009728956867480543e-01
6.127838567197360087e-01
6.190933306267429881e-01
6.127838567197360087e-01
4.983105537896009851e-01
5.010592622177509892e-01
5.289167002776550275e-01
4.361626470407560241e-01
3.324384599156050002e-01
4.828735836087539868e-01
4.377505628203879895e-01
4.409090820652180054e-01
4.183012913197449723e-01
6.138418218760689493e-01
5.622928644564749723e-01
5.954962218255740458e-01
4.471580313422189867e-01
4.548448600085099880e-01
4.800069429571510171e-01
3.783979009481380218e-01
5.477747053878230243e-01
6.283889300503120445e-01
6.730209071288959510e-01
6.334684555795869754e-01
6.434526764861869808e-01
3.926969532596660262e-01
4.698220159781629768e-01
5.352941200427709934e-01
5.634810853944109965e-01
5.550944485783190219e-01
6.201360549737580108e-01
6.053050461411100258e-01
4.913616938342729723e-01
4.927603890268379971e-01
6.693168805661120491e-01
5.658478186735179660e-01
6.812412373755869499e-01
5.065050324048719910e-01
5.078558716958310182e-01
5.118833609788739913e-01
5.171958979499740039e-01
5.198279937757189773e-01
6.009728956867480543e-01
3.654879848909000084e-01
4.099331233312950018e-01
3.891660843645329826e-01
5.132176000679390393e-01
5.987905067631149603e-01
5.024271199844330127e-01
4.842998393467859986e-01
5.477747053878230243e-01
5.831987739686229633e-01
5.250448070368449738e-01
5.774917998372249839e-01
4.698220159781629768e-01
6.053050461411100258e-01
4.313637641589869731e-01
5.634810853944109965e-01
5.550944485783190219e-01
6.201360549737580108e-01
5.453071164658239711e-01
5.185139398778869646e-01
6.263403673750419509e-01
5.998830720736879618e-01
5.910646070264989893e-01
5.250448070368449738e-01
6.532125137753439503e-01
6.946051989335689791e-01
6.580113966571119466e-01
6.232492903979000021e-01
6.053050461411100258e-01
5.921767573958669484e-01
5.682017240669949842e-01
5.954962218255740458e-01
5.575072019056579453e-01
5.998830720736879618e-01
5.763413502057930238e-01
5.831987739686229633e-01
5.250448070368449738e-01
5.774917998372249839e-01
6.201360549737580108e-01
6.404814369704220356e-01
6.201360549737580108e-01
5.145477526602859619e-01
4.313637641589869731e-01
5.428254269591800130e-01
3.654879848909000084e-01
4.099331233312950018e-01
3.891660843645329826e-01
6.273658565927330288e-01
5.490032620257879747e-01
6.683859166900000259e-01
3.654879848909000084e-01
4.099331233312950018e-01
3.891660843645329826e-01
5.453071164658239711e-01
5.185139398778869646e-01
6.263403673750419509e-01
5.145477526602859619e-01
4.313637641589869731e-01
5.428254269591800130e-01
6.232492903979000021e-01
6.053050461411100258e-01
2.013971243204520090e-01
2.479732663618069988e-01
3.909351071033789760e-01
-2.687214640030139920e-02
-1.426675035687320070e-01
2.900346113625180133e-01
4.099331233312950018e-01
3.747483460101039832e-01
5.514499979728749723e-01
4.265112613645750117e-01
6.148972160331349635e-01
4.814426285023050145e-01
4.297522800024080047e-01
5.428254269591800130e-01
6.730209071288959510e-01
6.334684555795869754e-01
6.434526764861869808e-01
6.095944092252200130e-01
6.170003411208989652e-01
6.344772701607319654e-01
4.941545940184430274e-01
6.148972160331349635e-01
7.185016888672739466e-01
5.132176000679390393e-01
5.987905067631149603e-01
5.024271199844330127e-01
5.831987739686229633e-01
5.693739096150459700e-01
6.541765418779610375e-01
3.783979009481380218e-01
5.477747053878230243e-01
6.283889300503120445e-01
5.158738437116789921e-01
5.502283530550939883e-01
6.009728956867480543e-01
5.171958979499740039e-01
5.198279937757189773e-01
6.009728956867480543e-01
5.403294747908740092e-01
5.403294747908740092e-01
4.424797690644490245e-01
3.926969532596660262e-01
4.698220159781629768e-01
5.352941200427709934e-01
5.453071164658239711e-01
5.145477526602859619e-01
5.514499979728749723e-01
6.053050461411100258e-01
4.913616938342729723e-01
4.927603890268379971e-01
6.106601630898800259e-01
6.042260530844699717e-01
5.010592622177509892e-01
6.857417386022639505e-01
5.831987739686229633e-01
6.190933306267429881e-01
6.273658565927330288e-01
6.314437690131720071e-01
6.324572921847240181e-01
6.693168805661120491e-01
5.658478186735179660e-01
6.812412373755869499e-01
5.301996982030819927e-01
5.877109650189109580e-01
6.063813651106050306e-01
6.374897295125110386e-01
6.972293427597180404e-01
6.404814369704220356e-01
6.127838567197360087e-01
6.190933306267429881e-01
6.127838567197360087e-01
