0.0041878821630318445
5.219094996105676e-06
0.0018583399035724086
0.0008345035352912193
0.00044673104679128684
0.003955886910540027
8.84654688515598e-06
0.00151222315381932
0.000685015608604654
0.0021276810912773257
0.001380050761167319
0.0013544177453987856
0.008404920725481439
8.363447408532797e-05
0.0018529493438583199
0.0025219046645868115
0.0024528399769245903
0.0041878821630318445
0.00105108622479491
0.0004857581831973138
0.0020288412406833096
0.00044673104679128684
0.00010882751602697997
0.0021012000590430974
0.005565584241411735
0.0058204415420095
0.00023781226857753693
0.0018050543421345132
0.0025219046645868115
0.0007553440573233785
0.0003885275610865123
0.0021361418485717665
0.0024528399769245903
0.0018205617073857854
0.0023875897395789175
0.0013544177453987856
0.002238100564546946
1.1451572721949412e-05
0.005920807473336419
0.0012046655068131838
0.00024491575948190424
0.001380050761167319
9.198545968670681e-05
0.001056080296680969
0.0018529493438583199
8.0498975486835e-05
0.006043825824878083
0.008404920725481439
0.0011152383589096853
0.0012611454496366812
0.00026062768489351206
0.0008552433589143748
0.004575263508851527
0.0353396339322196
0.0030852965862452494
0.0013802559644852084
0.00105108622479491
0.005169716908988663
0.0041878821630318445
0.00041898060490521105
0.006124945033472117
0.0021276810912773257
0.0025322265072678183
0.08019990739777288
0.0007274052796274764
0.0033521411854411033
0.00034172111406325555
0.002070455935829301
8.363447408532797e-05
4.842146146159552e-06
0.0008342172485482751
0.003955886910540027
0.00122189884068645
8.84654688515598e-06
0.00019114760623695508
0.0039523716700451015
9.992917867964249e-05
0.000455146554759993
0.00019680763861609123
0.010853629970188619
0.0002820401504458507
0.003396535964949734
0.0008345035352912193
0.0028501493031256393
0.0026848531260004597
5.219094996105676e-06
0.00151222315381932
0.00032969918145734966
0.0018583399035724086
0.0010072646547318988
0.000685015608604654
0.005565584241411735
0.0008345035352912193
0.0021012000590430974
0.0011152383589096853
0.00034172111406325555
8.0498975486835e-05
0.00023781226857753693
0.000685015608604654
9.198545968670681e-05
0.002238100564546946
0.00032969918145734966
0.0024528399769245903
0.00032969918145734966
0.0021012000590430974
0.002238100564546946
8.0498975486835e-05
0.006503563537010687
0.0033521411854411033
0.0025322265072678183
0.006124945033472117
0.0021361418485717665
0.0002820401504458507
0.00010882751602697997
0.008404920725481439
0.0018583399035724086
0.001380050761167319
0.010853629970188619
0.00122189884068645
0.00151222315381932
0.0021276810912773257
0.003396535964949734
0.00026062768489351206
0.0028501493031256393
0.0025219046645868115
0.0018050543421345132
4.842146146159552e-06
0.0026848531260004597
0.00105108622479491
0.0007553440573233785
8.84654688515598e-06
