2.110180544327296681e-01
5.087480883598590742e-01
5.381450756051623374e-01
5.795705296488292690e-01
4.349926810556239976e-02
3.882514542597923501e-01
6.148870146887382981e-01
5.459989291374802711e-01
5.619117936142310477e-01
5.077129062153989958e-01
6.022497418205433606e-01
3.810288853287409627e-01
6.091844996396172940e-01
6.158541744765358983e-01
4.905801094962180531e-01
5.719818261307002549e-01
6.149183451028403802e-01
2.110180544327296681e-01
5.747640094441993641e-01
4.682831773914377105e-01
3.643796504996947294e-01
4.349926810556239976e-02
6.203573401689502775e-01
5.633871412395842215e-01
5.021636087594200104e-01
3.312423774657509701e-01
5.816010545789290775e-01
6.293446143992099673e-01
5.719818261307002549e-01
6.584001697475504455e-01
4.009495966211076845e-01
4.846734451546310107e-01
6.149183451028403802e-01
1.854254807722039988e-01
4.969596835541687518e-01
3.810288853287409627e-01
4.962456479261510012e-01
8.396696913237373938e-02
4.351744873861763119e-01
2.908906244768703075e-01
3.525459110444930100e-01
6.022497418205433606e-01
6.269178489726460191e-01
4.007628991153229792e-01
4.905801094962180531e-01
6.142771682695049584e-01
3.200410006883043224e-01
6.091844996396172940e-01
5.719974953790106786e-01
7.289364862682312651e-02
5.371016223663281908e-01
2.431013617654687042e-02
4.527435840487896712e-01
1.273676039234330759e-01
4.740184528090893301e-01
4.677524026711940563e-01
5.747640094441993641e-01
3.244946712665100486e-01
2.110180544327296681e-01
6.882318265393077006e-01
5.309528251235283713e-01
5.077129062153989958e-01
3.582386935679722773e-01
4.123453620258160091e-01
2.779266390218690375e-01
-8.476982498451669790e-02
6.686097031220082920e-01
2.906410106274576743e-01
6.158541744765358983e-01
6.304223059302097587e-01
1.492846319266053212e-01
3.882514542597923501e-01
5.556916974845069745e-01
6.148870146887382981e-01
5.094288387616690006e-01
4.171582301883716148e-01
4.323203120684502854e-01
5.905436360527059891e-01
4.606699447692932936e-01
5.181871787954243080e-01
6.499806797315565987e-01
4.659376964268666654e-01
5.795705296488292690e-01
5.298090430007403873e-01
6.388019788717389513e-01
5.087480883598590742e-01
5.459989291374802711e-01
3.881957308622426273e-01
5.381450756051623374e-01
5.160372723673045670e-01
5.619117936142310477e-01
5.021636087594200104e-01
5.795705296488292690e-01
5.633871412395842215e-01
5.719974953790106786e-01
6.686097031220082920e-01
6.142771682695049584e-01
5.816010545789290775e-01
5.619117936142310477e-01
6.269178489726460191e-01
4.962456479261510012e-01
3.881957308622426273e-01
6.149183451028403802e-01
3.881957308622426273e-01
5.633871412395842215e-01
4.962456479261510012e-01
6.142771682695049584e-01
2.801018325952126520e-01
-8.476982498451669790e-02
3.582386935679722773e-01
5.309528251235283713e-01
4.846734451546310107e-01
6.499806797315565987e-01
6.203573401689502775e-01
6.091844996396172940e-01
5.381450756051623374e-01
6.022497418205433606e-01
5.181871787954243080e-01
5.556916974845069745e-01
5.459989291374802711e-01
5.077129062153989958e-01
4.659376964268666654e-01
5.371016223663281908e-01
5.298090430007403873e-01
5.719818261307002549e-01
6.293446143992099673e-01
6.304223059302097587e-01
6.388019788717389513e-01
5.747640094441993641e-01
6.584001697475504455e-01
6.148870146887382981e-01
