0 1 |PI656015|0.0
2 3 |PI642998|0.002978128801519898
4 5 |PI330196|0.00775203287895374
6 7 |PI452692|0.0
8 9 |PI533998|0.0008407664785657136
10 |PI329333|0.0
11 |PI329351|0.0
12 13 |PI542718|0.05691117292631638
14 |PI329403|0.0
15 16 |PI329617|0.007752032878953828
17 |PI570393|0.0
18 19 |PI563329|0.031008131515815135
20 |PI562994|0.0
21 22 |PI329570|0.0
23 |PI329710|0.0
24 |PI619838|0.0
25 |PI329702|0.0
26 |PI563009|0.0
27 |PI156268|0.0
28 |PI330167|0.0
29 |PI570145|0.0
30 31 |PI329569|0.0
32 |PI569886|0.0
33 |PI563330|0.0
34 |PI329605|0.0
35 |PI562991|0.0
36 |PI655983|0.0
37 38 |PI656015|0.0
39 40 |PI329584|0.0
41 |PI329510|0.0
42 |PI564163|0.0
43 |PI251672|0.0
44 |PI513898|0.0
45 46 |PI569423|0.0039024219763195383
47 |PI329510|0.0
48 |PI562971|0.0
49 |PI563348|0.0
50 |PI167093|0.0
51 52 |PI533998|0.0008407664785657136
53 54 |PI329301|0.010416241829863782
55 56 |PI521290|0.0
57 |PI585577|0.0
58 |PI562981|0.0
59 |PI585461|0.0
60 61 |PI569427|0.0015674174314136325
62 |PI563196|0.0
63 64 65 |PI154844|0.013126109579831543
66 |PI330181|0.0
67 |PI535792|0.0
68 69 |PI329569|0.0
70 |PI330185|0.0
71 72 |PI152694|0.014766873277310485
73 |PI330168|0.0
74 |PI563330|0.0
75 |PI155149|0.0
76 |PI550604|0.0
77 |PI563009|0.0
78 79 |PI156487|0.012304216926585263
80 |PI535793|0.0
81 |PI329605|0.0
82 |PI535785|0.0
83 |PI564163|0.0
84 |PI569453|0.0
85 |PI619838|0.0
86 87 |PI534165|0.010416241829863782
88 |PI562970|0.0
89 |PI329351|0.0
90 |PI329440|0.0
91 |PI526905|0.0
92 |PI330167|0.0
93 |PI255744|0.0
94 95 |PI156203|0.0226547645723641
96 |PI35038|0.0
97 |PI570031|0.0
98 |PI181899|0.0
99 |PI569446|0.0
100 |PI329710|0.0
101 |PI569447|0.0
102 |PI329673|0.0
103 |PI455217|0.0
104 105 |PI569443|0.022654764572364254
106 |PI570145|0.0
107 |PI562732|0.0
108 |PI562730|0.0
109 |PI569886|0.0
110 111 112 |PI297155|1.232595164407831e-32
113 |PI197542|0.0
114 |PI655983|0.0
115 |PI329702|0.0
116 |PI452544|0.0
117 |PI561840|0.0
118 119 |PI329665|0.0015674174314136325
120 121 |PI593916|0.0
122 |PI152963|0.0
123 124 |PI569421|0.005338350702795104
125 126 |PI156393|0.002347887655305445
127 |PI157804|0.0
128 129 |PI329584|0.0
130 131 |PI570109|0.0039024219763195383
132 133 |PI656015|0.0
134 |PI329333|0.0
135 136 |PI196049|0.0
137 |PI569148|0.0
138 139 |PI329570|0.0
140 |PI576399|0.0
141 142 |PI569452|0.0015674174314136325
143 |PI181083|0.0
144 |PI533792|0.0
145 146 |PI563332|0.014766873277310485
147 |PI540518|0.0
148 |PI570393|0.0
149 |PI329465|0.0
150 |PI156268|0.0
151 |PI329310|0.0
152 |PI330169|0.0
153 |PI535794|0.0
154 |PI653616|0.0
155 |PI329501|0.0
156 157 |PI542718|0.05691117292631638
158 159 |PI569097|0.0015674174314136325
160 |PI329403|0.0
161 |PI300119|0.0
162 163 |PI569422|0.0226547645723641
164 165 |PI156018|0.15137984211840713
166 |PI196586|0.0
167 168 |PI643016|0.04536234021841376
169 170 |PI92270|0.0018987882819590065
171 |PI329519|0.0
172 173 |PI329841|0.002347887655305445
174 175 |PI329843|0.0039024219763195383
176 177 |PI452692|0.0
178 |PI329256|0.0
179 |PI329511|0.0
180 |PI570073|0.0
181 182 |PI642998|0.002978128801519898
183 184 |PI329617|0.007752032878953828
185 |PI562994|0.0
186 |PI570076|0.0
187 188 |PI562985|0.039589062625475416
189 |PI152860|0.0
190 |PI562991|0.0
191 192 |PI330196|0.00775203287895374
193 194 |PI152728|0.005338350702795104
195 |PI563002|0.0
196 197 |PI563329|0.031008131515815135
198 |PI585577|0.0
199 |PI563002|0.0
200 201 |PI452692|0.0
202 |PI562730|0.0
203 |PI562981|0.0
204 205 |PI505735|0.0039024219763195383
206 |PI562991|0.0
207 |PI562994|0.0
208 209 |PI521290|0.0
210 |PI562971|0.0
211 |PI452544|0.0
212 |PI167093|0.0
213 |PI152727|0.0
214 |PI513898|0.0
215 216 |PI563332|0.014766873277310485
217 |PI562732|0.0
218 219 220 |PI154844|0.013126109579831543
221 222 |PI563329|0.031008131515815135
223 |PI455217|0.0
224 225 |PI534165|0.010416241829863782
226 |PI562970|0.0
227 228 |PI562985|0.039589062625475416
229 |PI563330|0.0
230 231 |PI562985|0.039589062625475416
232 233 |PI521290|0.0
234 |PI562970|0.0
235 |PI562732|0.0
236 237 |PI52606|0.003902421976319542
238 |PI533792|0.0
239 |PI576399|0.0
240 |PI653616|0.0
241 |PI330167|0.0
242 |PI563009|0.0
243 |PI330169|0.0
244 |PI569148|0.0
245 |PI35038|0.0
246 |PI330168|0.0
247 |PI35038|0.0
248 249 |PI329841|0.002347887655305445
250 251 |PI329301|0.010416241829863782
252 |PI563348|0.0
253 |PI329702|0.0
254 |PI167093|0.0
255 |PI330169|0.0
256 257 |PI330196|0.00775203287895374
258 |PI329440|0.0
259 |PI329710|0.0
260 |PI329465|0.0
261 |PI329519|0.0
262 263 |PI569097|0.0015674174314136325
264 265 |PI329617|0.007752032878953828
266 |PI563196|0.0
267 268 |PI329570|0.0
269 270 |PI329843|0.0039024219763195383
271 272 |PI329665|0.0015674174314136325
273 |PI329333|0.0
274 |PI329510|0.0
275 |PI329673|0.0
276 |PI329256|0.0
277 |PI329605|0.0
278 |PI585461|0.0
279 280 |PI329569|0.0
281 |PI330181|0.0
282 283 |PI534165|0.010416241829863782
284 |PI329310|0.0
285 |PI329511|0.0
286 |PI563002|0.0
287 |PI330167|0.0
288 289 |PI329584|0.0
290 |PI330185|0.0
291 |PI329403|0.0
292 |PI329351|0.0
293 |PI329501|0.0
294 |PI564163|0.0
