0.0
0.0
0.0226547645723641
0.0039024219763195383
0.0
0.0
0.0
0.09481924181171199
0.0
0.022654764572364254
0.0
0.012304216926585263
0.0
0.0
0.0
0.0039024219763195383
0.0
0.0
0.0
0.0
0.0
0.039589062625475416
0.0
0.0
0.0
0.0
0.0
0.0
0.0
0.0
0.0
0.0
0.0
0.0226547645723641
0.0
0.0
0.0
0.0
0.0
0.022654764572364254
0.0906190582894564
0.0
0.0
0.0
0.0
0.05691117292631638
0.0
0.00518548354029907
0.0
0.039589062625475416
0.0
0.002347887655305445
0.0
0.0
0.0
0.0
0.0
0.00775203287895374
0.0
0.0
0.0
0.0
0.0
0.0039024219763195383
0.0
0.0
0.0
0.0
0.0
0.0
0.0
0.00775203287895374
0.0
0.0
0.0
0.0
0.0
0.0
0.0
0.0
0.0039024219763195383
0.0
0.0
0.0
0.0
0.0005814623450510704
0.0
0.0
0.0
0.0
0.0
0.022654764572364254
0.002978128801519898
0.0
0.005338350702795104
0.0226547645723641
0.0
0.0
0.002347887655305445
0.0
0.0
0.0015674174314136325
0.0
0.0
0.0
0.0
0.0
0.0008407664785657136
0.0
0.0
0.0
0.0
0.0
0.0
0.0
0.0
0.0
0.09481924181171199
0.02265476457236426
0.0
0.0
0.0
0.00775203287895374
0.0
0.005338350702795104
0.002978128801519898
0.0
0.0039024219763195383
0.0039024219763195383
0.0039024219763195383
0.0
0.0
0.0
0.0
0.022654764572364254
0.0
0.0
0.0
0.0
0.0
0.0226547645723641
0.0
0.0
0.012304216926585263
0.0
0.0
0.0039024219763195383
0.0
0.0
0.0226547645723641
0.0
0.0
0.0906190582894564
0.0
0.0
0.0
0.0
0.0
0.0008407664785657136
0.0
0.00518548354029907
0.012304216926585263
0.0
0.0
0.0
0.0
0.0
0.0
0.0906190582894564
0.0
0.0
0.0005234369856025659
0.0
0.0
0.0
0.0
0.0
0.0
0.0
0.0
0.0
0.0039024219763195383
0.022654764572364254
0.0
0.0
0.0
0.0
0.0226547645723641
0.0
0.0
0.0
0.0
0.02265476457236426
0.022654764572364254
0.0
0.0
0.0039024219763195383
0.022654764572364254
0.0
0.0
0.0
0.0
0.0
0.0
0.039589062625475416
0.0
0.0
0.0
0.0
0.0
0.0
0.0
0.0
0.0
0.0
0.0
0.0
