1.041392685158230025e+00
9.030899869919439826e-01
4.515449934959714362e-01
5.395906230238119994e-01
9.542425094393249818e-01
6.989700043360189685e-01
4.771212547196619913e-01
7.365050048475435540e-01
4.771212547196619913e-01
6.276362525516530066e-01
4.771212547196619913e-01
5.880456295278404522e-01
6.020599913279619519e-01
6.989700043360189685e-01
7.781512503836439665e-01
5.395906230238119994e-01
6.020599913279619519e-01
6.989700043360189685e-01
8.450980400142570348e-01
6.989700043360189685e-01
6.989700043360189685e-01
5.000000000000000000e-01
7.781512503836439665e-01
7.781512503836439665e-01
7.781512503836439665e-01
8.450980400142570348e-01
9.542425094393249818e-01
1.041392685158230025e+00
6.020599913279619519e-01
6.020599913279619519e-01
9.030899869919439826e-01
7.781512503836439665e-01
6.020599913279619519e-01
4.515449934959714362e-01
6.020599913279619519e-01
4.771212547196619913e-01
3.010299956639809760e-01
6.989700043360189685e-01
9.542425094393249818e-01
6.276362525516530066e-01
3.010299956639809760e-01
6.020599913279619519e-01
4.771212547196619913e-01
6.020599913279619519e-01
6.020599913279619519e-01
5.395906230238124435e-01
3.010299956639809760e-01
6.930604153492083697e-01
6.020599913279619519e-01
5.000000000000000000e-01
4.771212547196619913e-01
6.505149978319904047e-01
6.989700043360189685e-01
7.781512503836439665e-01
4.771212547196619913e-01
9.030899869919439826e-01
6.989700043360189685e-01
3.890756251918214836e-01
6.020599913279619519e-01
7.781512503836439665e-01
8.450980400142570348e-01
9.030899869919439826e-01
3.010299956639809760e-01
5.395906230238119994e-01
7.781512503836439665e-01
6.020599913279619519e-01
4.771212547196619913e-01
4.771212547196619913e-01
9.030899869919439826e-01
6.989700043360189685e-01
3.010299956639809760e-01
3.890756251918214836e-01
9.542425094393249818e-01
7.781512503836439665e-01
6.989700043360189685e-01
3.010299956639809760e-01
7.781512503836439665e-01
6.020599913279619519e-01
7.781512503836439665e-01
8.450980400142570348e-01
5.395906230238119994e-01
6.989700043360189685e-01
6.020599913279619519e-01
7.781512503836439665e-01
7.781512503836439665e-01
9.371916686235314264e-01
7.781512503836439665e-01
9.542425094393249818e-01
6.020599913279619519e-01
6.989700043360189685e-01
9.542425094393249818e-01
6.276362525516530066e-01
8.996702747267910638e-01
6.020599913279619519e-01
7.720340221751380572e-01
4.515449934959714362e-01
8.450980400142570348e-01
6.020599913279619519e-01
6.505149978319904047e-01
1.041392685158230025e+00
6.989700043360189685e-01
7.385606273598315230e-01
6.989700043360189685e-01
6.989700043360189685e-01
9.030899869919439826e-01
7.781512503836439665e-01
9.030899869919439826e-01
8.740940135031005642e-01
9.542425094393249818e-01
4.771212547196619913e-01
4.771212547196619913e-01
8.450980400142570348e-01
6.989700043360189685e-01
4.771212547196619913e-01
7.781512503836439665e-01
4.771212547196619913e-01
9.542425094393249818e-01
7.365050048475435540e-01
7.525749891599529118e-01
4.771212547196619913e-01
6.020599913279619519e-01
6.020599913279619519e-01
3.890756251918214836e-01
8.450980400142570348e-01
7.720340221751380572e-01
8.996702747267910638e-01
6.020599913279619519e-01
5.395906230238119994e-01
5.395906230238119994e-01
5.395906230238119994e-01
6.020599913279619519e-01
6.989700043360189685e-01
6.020599913279619519e-01
9.030899869919439826e-01
6.276362525516530066e-01
6.020599913279619519e-01
6.020599913279619519e-01
6.020599913279619519e-01
7.781512503836439665e-01
8.450980400142570348e-01
4.515449934959714362e-01
4.771212547196619913e-01
6.020599913279619519e-01
5.880456295278404522e-01
6.020599913279619519e-01
6.020599913279619519e-01
5.395906230238119994e-01
7.781512503836439665e-01
6.020599913279619519e-01
1.505149978319904880e-01
8.450980400142570348e-01
6.020599913279619519e-01
3.010299956639809760e-01
4.771212547196619913e-01
6.989700043360189685e-01
6.989700043360189685e-01
6.020599913279619519e-01
6.020599913279619519e-01
8.740940135031005642e-01
6.020599913279619519e-01
6.930604153492083697e-01
5.880456295278404522e-01
8.450980400142570348e-01
7.781512503836439665e-01
6.020599913279619519e-01
6.020599913279619519e-01
7.781512503836439665e-01
6.020599913279619519e-01
3.010299956639809760e-01
6.020599913279619519e-01
6.020599913279619519e-01
9.771212547196624909e-01
9.030899869919439826e-01
4.771212547196619913e-01
6.989700043360189685e-01
6.989700043360189685e-01
4.771212547196619913e-01
6.989700043360189685e-01
9.542425094393249818e-01
6.989700043360189685e-01
9.542425094393249818e-01
5.395906230238119994e-01
6.276362525516530066e-01
3.010299956639809760e-01
6.020599913279619519e-01
6.989700043360189685e-01
4.771212547196619913e-01
4.515449934959714362e-01
4.771212547196619913e-01
7.781512503836439665e-01
4.771212547196619913e-01
6.020599913279619519e-01
7.525749891599529118e-01
6.276362525516530066e-01
3.010299956639809760e-01
6.989700043360189685e-01
5.395906230238119994e-01
6.276362525516530066e-01
6.989700043360189685e-01
6.020599913279619519e-01
7.781512503836439665e-01
6.020599913279619519e-01
7.781512503836439665e-01
6.020599913279619519e-01
5.000000000000000000e-01
6.020599913279619519e-01
7.781512503836439665e-01
6.989700043360189685e-01
6.989700043360189685e-01
6.020599913279619519e-01
6.989700043360189685e-01
6.020599913279619519e-01
4.771212547196619913e-01
4.771212547196619913e-01
4.771212547196619913e-01
9.542425094393249818e-01
9.030899869919439826e-01
