0 1 2 |PI655978|0.0006355060912591619
3 4 5 6 7 8 9 10 |PI656015|0.020601688357718712
11 12 13 |PI253986|0.006749579582434804
14 15 |PI642998|0.00026521859141132823
16 17 |PI330196|0.011570894196359774
18 19 |PI452692|0.0034668633486574147
20 21 22 23 24 |PI533998|0.005621074838928304
25 |PI329333|0.0
26 27 |PI329351|0.00010001078161061241
28 29 30 |PI226096|0.0015138792643386268
31 32 |PI542718|0.23857177809471217
33 34 35 36 |PI329403|0.001274981919601351
37 38 |PI329617|0.01072052866472559
39 |PI570393|0.0
40 41 42 43 44 |PI563329|0.004756990547963956
45 |PI562994|0.0
46 47 48 49 50 51 |PI329570|0.0022765117219078505
52 |PI329710|0.0
53 54 55 |PI619838|0.00578866058092084
56 57 58 59 |PI329702|0.008167727842615678
60 61 |PI563009|8.49263904894128e-05
62 63 64 |PI156268|0.021857598326036103
65 66 |PI330167|0.0002847417151061734
67 |PI570145|0.0
68 69 70 71 72 |PI329569|0.03482850095140651
73 |PI569886|0.0
74 75 76 77 |PI563330|0.002036647352899602
78 79 |PI329605|0.0001924067929880922
80 |PI562991|0.0
81 82 83 |PI226096|0.0015138792643386268
84 85 |PI655983|9.623373093184696e-06
86 87 88 89 90 91 92 93 |PI656015|0.020601688357718712
94 95 |PI329584|0.0025114218572626157
96 |PI329510|0.0
97 98 99 |PI656065|0.013180852138003159
100 101 102 |PI576401|0.0008559947946280951
103 104 105 106 |PI564163|0.0021797976221201052
107 |PI251672|0.0
108 |PI513898|0.0
109 110 111 |PI569423|0.01405899386997285
112 |PI329510|0.0
113 114 |PI562971|7.354837015031334e-05
115 116 |PI563348|1.7027486757301686e-05
117 118 |PI167093|0.00108965349766848
119 120 121 |PI226096|0.0015138792643386268
122 123 124 125 126 |PI533998|0.005621074838928304
127 128 129 |PI329301|0.04104449081306861
130 131 |PI521290|0.0077157450565772615
132 133 134 135 |PI585577|0.004201436123077379
136 137 |PI569460|0.0003627129697876415
138 |PI562981|0.0
139 140 |PI585461|0.0012281544291216449
141 142 |PI569427|0.010815754324184202
143 144 |PI563196|2.323375456588753e-07
145 146 147 148 |PI154844|0.0018692777134501843
149 150 151 152 153 154 155 156 |PI330181|0.06761618933062316
157 158 159 160 161 |PI535792|0.030836812592540074
162 163 164 165 166 |PI329569|0.03482850095140651
167 |PI330185|0.0
168 169 |PI152694|0.011803461732767816
170 |PI330168|0.0
171 172 173 174 |PI563330|0.002036647352899602
175 176 177 178 179 |PI155149|0.04727720686881017
180 181 182 183 |PI550604|0.001474280524795975
184 185 |PI563009|8.49263904894128e-05
186 187 188 |PI156487|0.0006723715766724002
189 190 191 192 |PI535793|0.009157748930362022
193 194 |PI329605|0.0001924067929880922
195 |PI535785|0.0
196 197 198 199 |PI564163|0.0021797976221201052
200 |PI569453|0.0
201 202 203 |PI619838|0.00578866058092084
204 205 |PI534165|0.00031314797517229253
206 207 208 209 |PI562970|0.00044330952269165213
210 211 |PI329351|0.00010001078161061241
212 |PI329440|0.0
213 |PI526905|0.0
214 215 |PI330167|0.0002847417151061734
216 217 |PI255744|7.574004492583294e-05
218 219 220 |PI156203|0.005652973345130788
221 222 |PI35038|0.0002453754703281143
223 |PI570031|0.0
224 225 226 227 |PI181899|0.005273326319841719
228 229 230 231 |PI569446|0.0028924991568876346
232 |PI329710|0.0
233 234 |PI569447|3.2913750209262304e-07
235 |PI329673|0.0
236 237 238 239 |PI455217|0.016338045298472575
240 241 242 |PI569443|0.0022705978221382686
243 244 245 |PI656065|0.013180852138003159
246 |PI570145|0.0
247 248 249 |PI655978|0.0006355060912591619
250 251 |PI562730|4.687205129943403e-06
252 |PI569886|0.0
253 254 255 256 257 258 |PI297155|0.006851566597318508
259 260 261 262 263 |PI197542|0.00185746233100909
264 265 266 |PI533902|0.0020487005581606584
267 268 |PI655983|9.623373093184696e-06
269 270 271 272 |PI329702|0.008167727842615678
273 274 275 276 |PI452544|0.004610123150313965
277 278 279 280 |PI561840|0.002447277530106722
281 282 283 |PI329665|0.0003834518864269625
284 285 286 287 288 289 |PI593916|0.051703396139275944
290 291 292 293 |PI152963|0.0011672117191412748
294 295 296 |PI569421|0.01071351612586042
297 298 299 |PI156393|0.0037389986374025837
300 |PI157804|0.0
301 302 303 |PI452542|0.003159012104601742
304 305 |PI329584|0.0025114218572626157
306 307 |PI570109|0.0061294820983619465
308 309 310 311 312 313 314 315 |PI656015|0.020601688357718712
316 |PI329333|0.0
317 318 319 |PI253986|0.006749579582434804
320 321 322 323 324 325 |PI196049|0.001173721897550318
326 327 328 329 330 331 332 333 334 335 |PI569148|0.04426712733133049
336 337 338 339 340 341 |PI329570|0.0022765117219078505
342 |PI576399|0.0
343 344 |PI569452|0.0007767845993252628
345 346 347 348 |PI181083|0.0019485411820595424
349 350 351 |PI329614|0.0006508196695320819
352 353 354 355 |PI533792|0.0023587517284345315
356 357 358 359 360 |PI563332|0.0089999123594476
361 362 363 364 |PI540518|0.005967601592306777
365 366 367 368 369 370 |PI330182|0.09254837332444439
371 |PI570393|0.0
372 |PI329465|0.0
373 374 375 |PI213900|0.0005056268586456267
376 377 378 |PI181080|0.0006515591019511864
379 380 381 |PI156268|0.021857598326036103
382 |PI329310|0.0
383 |PI330169|0.0
384 385 386 387 |PI535794|0.0463106902774323
388 |PI653616|0.0
389 |PI329501|0.0
390 391 |PI542718|0.23857177809471217
392 393 394 395 396 397 398 399 400 |PI569097|0.03850516781722875
401 402 403 404 |PI329403|0.001274981919601351
405 406 407 408 |PI300119|0.0007162436001306237
409 410 |PI569422|0.004358579465485266
411 412 |PI156018|0.009576373386525328
413 |PI196586|0.0
414 415 |PI643016|1.752343777379566e-05
416 417 418 |PI527045|0.00023762221659398095
419 420 421 422 423 424 425 426 427 |PI92270|0.002871783787778251
428 429 430 431 432 433 434 |PI329519|0.01262195899047316
435 436 437 438 439 |PI329841|0.012194280011965335
440 441 442 |PI253986|0.006749579582434804
443 444 445 446 447 |PI329843|0.007361746577737307
448 449 |PI452692|0.0034668633486574147
450 451 452 453 |PI329256|0.06831293319940748
454 |PI329511|0.0
455 456 |PI570073|0.005006756452080164
457 458 459 |PI253986|0.006749579582434804
460 461 |PI642998|0.00026521859141132823
462 463 |PI329617|0.01072052866472559
464 |PI562994|0.0
465 466 |PI570076|0.0015253022296954286
467 468 469 470 471 472 |PI562985|0.013952322919777828
473 474 |PI152860|2.3600967822649447e-05
475 |PI562991|0.0
476 477 478 |PI576401|0.0008559947946280951
479 480 |PI330196|0.011570894196359774
481 |PI152728|0.0
482 483 |PI563002|3.5143654248458222e-06
484 485 486 487 488 |PI563329|0.004756990547963956
489 490 491 492 |PI585577|0.004201436123077379
493 494 |PI563002|3.5143654248458222e-06
495 496 |PI452692|0.0034668633486574147
497 498 |PI562730|4.687205129943403e-06
499 |PI562981|0.0
500 501 502 503 |PI505735|0.0003257134899109885
504 |PI562991|0.0
505 |PI562994|0.0
506 507 |PI521290|0.0077157450565772615
508 509 |PI562971|7.354837015031334e-05
510 511 512 513 |PI452544|0.004610123150313965
514 515 |PI167093|0.00108965349766848
516 517 |PI152727|5.672911417108371e-05
518 |PI513898|0.0
519 520 521 522 523 |PI563332|0.0089999123594476
524 525 526 527 |PI154844|0.0018692777134501843
528 529 530 531 532 |PI563329|0.004756990547963956
533 534 535 536 |PI455217|0.016338045298472575
537 538 539 |PI253986|0.006749579582434804
540 541 542 |PI452542|0.003159012104601742
543 544 |PI534165|0.00031314797517229253
545 546 547 548 |PI562970|0.00044330952269165213
549 550 551 552 553 554 |PI562985|0.013952322919777828
555 556 557 558 |PI563330|0.002036647352899602
559 560 561 562 563 564 |PI562985|0.013952322919777828
565 566 |PI521290|0.0077157450565772615
567 568 569 570 |PI562970|0.00044330952269165213
571 572 573 574 575 |PI52606|0.000744399576499729
576 577 578 579 |PI533792|0.0023587517284345315
580 |PI576399|0.0
581 |PI653616|0.0
582 583 584 |PI533902|0.0020487005581606584
585 586 |PI330167|0.0002847417151061734
587 588 |PI563009|8.49263904894128e-05
589 |PI330169|0.0
590 591 592 593 594 595 596 597 598 599 |PI569148|0.04426712733133049
600 601 |PI35038|0.0002453754703281143
602 |PI330168|0.0
603 604 |PI35038|0.0002453754703281143
605 606 607 608 609 |PI329841|0.012194280011965335
610 611 612 |PI329301|0.04104449081306861
613 614 |PI563348|1.7027486757301686e-05
615 616 617 |PI329614|0.0006508196695320819
618 619 620 621 |PI329702|0.008167727842615678
622 623 |PI167093|0.00108965349766848
624 |PI330169|0.0
625 626 |PI330196|0.011570894196359774
627 |PI329440|0.0
628 |PI329710|0.0
629 |PI329465|0.0
630 631 632 633 634 635 636 |PI329519|0.01262195899047316
637 638 639 640 641 642 643 644 645 |PI569097|0.03850516781722875
646 647 |PI329617|0.01072052866472559
648 649 |PI563196|2.323375456588753e-07
650 651 652 653 654 655 |PI329570|0.0022765117219078505
656 657 658 659 660 |PI329843|0.007361746577737307
661 662 663 |PI329665|0.0003834518864269625
664 |PI329333|0.0
665 |PI329510|0.0
666 |PI329673|0.0
667 668 669 670 |PI329256|0.06831293319940748
671 672 |PI329605|0.0001924067929880922
673 674 |PI585461|0.0012281544291216449
675 676 677 678 679 |PI329569|0.03482850095140651
680 681 682 683 684 685 |PI330182|0.09254837332444439
686 687 688 689 690 691 692 693 |PI330181|0.06761618933062316
694 695 |PI534165|0.00031314797517229253
696 |PI329310|0.0
697 |PI329511|0.0
698 699 |PI563002|3.5143654248458222e-06
700 701 |PI330167|0.0002847417151061734
702 703 |PI329584|0.0025114218572626157
704 |PI330185|0.0
705 706 707 708 |PI329403|0.001274981919601351
709 710 |PI329351|0.00010001078161061241
711 712 713 |PI213900|0.0005056268586456267
714 |PI329501|0.0
715 716 717 718 |PI564163|0.0021797976221201052
