2.163635311388023563e+00
2.006869199113830327e+00
2.433535837487117437e+00
2.258855138682720032e+00
2.939022403850041876e+00
2.053661455133898528e+00
2.908689458872800060e+00
2.550839232829072323e+00
1.830656971368193275e+00
3.026558116705511114e+00
3.053112590987243635e+00
3.162438049074841384e+00
2.999889894523666278e+00
2.911462292977475386e+00
2.869711239548785819e+00
3.000113216036453423e+00
2.966051519006755122e+00
2.408108249892134900e+00
2.550839232829072323e+00
2.433535837487117437e+00
2.489806096285248849e+00
2.362250924943952501e+00
2.258914583618271354e+00
2.655368427006596921e+00
2.550839232829072323e+00
2.053661455133898528e+00
2.770470199380360210e+00
2.909491175886863346e+00
2.843546023502808051e+00
2.256563615067195272e+00
2.182134048504299706e+00
2.966051519006755122e+00
2.962370915341102418e+00
3.090584200583769814e+00
2.408108249892134900e+00
2.908689458872800060e+00
2.636658117770760867e+00
2.080723362617538541e+00
2.191846924463607849e+00
2.258914583618271354e+00
2.088225421034068940e+00
2.471584116293060074e+00
2.163635311388023563e+00
2.323106541794015545e+00
1.960771816737209905e+00
2.483926787273459613e+00
2.999889894523666278e+00
2.515215115453509842e+00
2.489806096285248849e+00
3.000113216036453423e+00
2.006869199113830327e+00
3.058273923883954470e+00
2.247320227383430957e+00
2.141732663421846539e+00
2.356663529953916925e+00
2.911462292977475386e+00
2.721151222861000196e+00
2.289807716772243040e+00
1.941827940755207482e+00
3.057750487137713247e+00
2.125716245815234551e+00
3.095331963351764859e+00
2.433535837487117437e+00
2.258855138682720032e+00
3.110936184131321003e+00
2.652729063440162793e+00
3.162438049074841384e+00
2.181983701973200240e+00
2.956748883787660986e+00
2.163571060405301338e+00
1.998189413160652350e+00
2.991396014215849775e+00
1.944034922067318094e+00
2.784209856859460430e+00
2.060695660384291195e+00
2.246887277111679904e+00
2.515873247413363156e+00
2.586679016855783608e+00
2.869711239548785819e+00
3.004536761929433197e+00
3.119109714472739103e+00
2.284596335787815402e+00
2.902521197015992538e+00
1.830656971368193275e+00
2.749645805688571087e+00
3.038830847103259014e+00
3.026558116705511114e+00
2.439245417015855288e+00
2.322115148484134473e+00
2.080186935321651109e+00
2.352574821845624609e+00
2.815814648387512609e+00
2.258855138682720032e+00
2.958167854746967862e+00
2.939022403850041876e+00
2.967267281399317724e+00
2.651004663476618894e+00
2.761336839362880102e+00
2.258855138682720032e+00
2.880817425500737716e+00
2.362250924943952501e+00
3.053112590987243635e+00
2.909491175886863346e+00
2.939022403850041876e+00
2.721151222861000196e+00
2.784209856859460430e+00
3.058273923883954470e+00
2.843546023502808051e+00
3.053112590987243635e+00
2.515215115453509842e+00
2.258855138682720032e+00
3.095331963351764859e+00
2.088225421034068940e+00
2.471584116293060074e+00
2.880817425500737716e+00
2.408108249892134900e+00
2.880817425500737716e+00
2.471584116293060074e+00
3.058273923883954470e+00
2.410439784838255051e+00
1.944034922067318094e+00
2.181983701973200240e+00
2.356663529953916925e+00
2.652729063440162793e+00
3.038830847103259014e+00
3.090584200583769814e+00
2.902521197015992538e+00
2.815814648387512609e+00
2.967267281399317724e+00
2.770470199380360210e+00
3.119109714472739103e+00
2.991396014215849775e+00
2.911462292977475386e+00
2.908689458872800060e+00
1.998189413160652350e+00
2.999889894523666278e+00
2.352574821845624609e+00
2.749645805688571087e+00
3.162438049074841384e+00
2.958167854746967862e+00
2.651004663476618894e+00
2.966051519006755122e+00
2.246887277111679904e+00
2.256563615067195272e+00
2.088225421034068940e+00
3.004536761929433197e+00
2.761336839362880102e+00
2.962370915341102418e+00
3.026558116705511114e+00
2.515873247413363156e+00
2.258914583618271354e+00
