0.01262754599751704
0.10682105981231015
0.02727320817169685
0.005556405291375972
0.02594010640085902
0.02377872607707419
0.008451670546492073
0.07977838935567665
0.0024971096021749917
0.061011595530252975
0.04443720341173386
0.026393620869677507
0.031459621099484324
0.021485718787686618
0.07477637325648781
0.06763311550203303
0.016787082093338877
0.3581542241287776
0.07977838935567665
0.02727320817169685
0.017105639532122862
0.005064949469397487
0.024660367816112045
0.09831762470323265
0.07977838935567665
0.02377872607707419
0.022708409020658397
0.07553547141169795
0.09392607046372262
0.35240930244278074
0.00758671077220433
0.016787082093338877
0.0914217158288147
0.040400799090896035
0.3581542241287776
0.008451670546492073
0.011902308973994422
0.09244430788432105
0.012412776754933942
0.024660367816112045
0.02143524555222655
0.4283803943542053
0.01262754599751704
0.055417631468831836
0.04802276531978665
0.241392050916891
0.031459621099484324
0.03484200108008278
0.017105639532122862
0.06763311550203303
0.10682105981231015
0.06539877653308496
0.014217606958025736
0.010425830407198682
0.01217329037804551
0.021485718787686618
0.03680045178030219
0.03730011920928885
0.061240838600228456
0.04260696871671243
0.07925854173719946
0.013121717998680582
0.02727320817169685
0.005556405291375972
0.025020297587989522
0.05688565904037859
0.026393620869677507
0.21253685369397435
0.07987627885530996
0.10032647093753039
0.037776325702855974
0.019056953594831155
0.04807452753128084
0.07901499257346965
0.14124673296802417
0.25012488877121075
0.020452807104240887
0.015271381042433104
0.07477637325648781
0.14683455260748035
0.012260453241200574
0.026564580906927978
0.07013353515913787
0.0024971096021749917
0.03875373748408131
0.018821816660914634
0.061011595530252975
0.02973582354177308
0.0014699660997003398
0.02813823131111025
0.32076790009245487
0.025932215657650266
0.005556405291375972
0.08291900931222336
0.02594010640085902
0.019217846815515704
0.03736556128707352
0.06265748924035254
0.005556405291375972
0.0816034351796191
0.005064949469397487
0.04443720341173386
0.07553547141169795
0.02594010640085902
0.03680045178030219
0.07901499257346965
0.06539877653308496
0.09392607046372262
0.04443720341173386
0.03484200108008278
0.005556405291375972
0.013121717998680582
0.02143524555222655
0.4283803943542053
0.0816034351796191
0.3581542241287776
0.0816034351796191
0.4283803943542053
0.06539877653308496
0.11184063880183359
0.04807452753128084
0.21253685369397435
0.01217329037804551
0.05688565904037859
0.018821816660914634
0.040400799090896035
0.07013353515913787
0.025932215657650266
0.019217846815515704
0.022708409020658397
0.012260453241200574
0.019056953594831155
0.021485718787686618
0.008451670546492073
0.037776325702855974
0.031459621099484324
0.32076790009245487
0.03875373748408131
0.026393620869677507
0.08291900931222336
0.03736556128707352
0.016787082093338877
0.25012488877121075
0.35240930244278074
0.02143524555222655
0.14683455260748035
0.06265748924035254
0.0914217158288147
0.061011595530252975
0.020452807104240887
0.024660367816112045
