1.724047912931909954e+00
1.788858782766620026e+00
1.751499664533000100e+00
2.002079808601600064e+00
1.874924253829640008e+00
1.815275469350180026e+00
1.829482217661599908e+00
2.022194820897650125e+00
1.811627255980549966e+00
1.545486170259740000e+00
1.843108934201199922e+00
1.969434119886529944e+00
1.868799160866499998e+00
1.418182552411179964e+00
1.699310064090090000e+00
1.943286308227460069e+00
1.871875755923499973e+00
1.742597584958800017e+00
1.637420947706740071e+00
1.800437106468669946e+00
1.804208990676640090e+00
1.672591151862810044e+00
1.694134639479280002e+00
1.528792281751699900e+00
1.624822916729129929e+00
1.807938730045129949e+00
1.760170494911460048e+00
1.747078299223769893e+00
1.709426238276569920e+00
1.661274535897169891e+00
1.836365104822369920e+00
1.815275469350180026e+00
1.829482217661599908e+00
2.022194820897650125e+00
1.815275469350180026e+00
1.895518073093779954e+00
1.836365104822369920e+00
2.081097426747740009e+00
2.097072159069489850e+00
1.950623047532499932e+00
2.179573553986529966e+00
1.982877877692760027e+00
1.920255921935589916e+00
2.077808649399380148e+00
2.431045405457969988e+00
1.880938978730700040e+00
2.146293089939990129e+00
2.305865360520720220e+00
2.465871299938649841e+00
1.935784684651000065e+00
1.880938978730700040e+00
1.604986891662609994e+00
1.482993422245900028e+00
1.742597584958800017e+00
2.152956149499329896e+00
2.180789614350359784e+00
2.024141229914989903e+00
2.186804339251430029e+00
2.257454568498169944e+00
2.064319614115889934e+00
2.343695405050219893e+00
2.122589023902420102e+00
1.980674515232889954e+00
2.046653682509940175e+00
2.402312995178490063e+00
2.103253969083259900e+00
1.856201129888890078e+00
1.714371635405659955e+00
1.683536663620470053e+00
1.969434119886529944e+00
1.933246207013209927e+00
1.678108768405889961e+00
2.069442091117629889e+00
2.323737707592819834e+00
2.498812132970650079e+00
2.164624420172970076e+00
2.106302466989390165e+00
2.064319614115889934e+00
2.178353047322640013e+00
2.098628377275950196e+00
2.057365025053719876e+00
2.419372600732910161e+00
2.018267620298499931e+00
1.868799160866499998e+00
1.935784684651000065e+00
2.305865360520720220e+00
2.064319614115889934e+00
2.138117786617820038e+00
2.064319614115889934e+00
1.945749848565420104e+00
1.862559573578550065e+00
2.468957376163039896e+00
1.836365104822369920e+00
2.379014597470630044e+00
1.800437106468669946e+00
2.087579343048649783e+00
2.597059220548170178e+00
1.960161073575849899e+00
2.268835495840700212e+00
2.100177374026249932e+00
1.914914876780229980e+00
2.572830777516890155e+00
1.829482217661599908e+00
1.843108934201199922e+00
2.493184321247229995e+00
1.987241445720099975e+00
1.982877877692760027e+00
2.417585933484359906e+00
1.960161073575849899e+00
2.233458021761359991e+00
2.069442091117629889e+00
1.969434119886529944e+00
2.010271832011960136e+00
2.024141229914989903e+00
1.930688277249849927e+00
1.800437106468669946e+00
2.077808649399380148e+00
2.605667438688739956e+00
2.219701696134249946e+00
1.868799160866499998e+00
2.441212938703050117e+00
1.940804451436330069e+00
2.349603669034840081e+00
2.798153347042930061e+00
2.164624420172970076e+00
2.438419548337559917e+00
2.046653682509940175e+00
2.386962787268459785e+00
2.053832630178530128e+00
1.987241445720099975e+00
2.233458021761359991e+00
2.169682216944179842e+00
2.172182664596089996e+00
2.498343630155920092e+00
1.906739573458070103e+00
1.982877877692760027e+00
1.760170494911460048e+00
2.225059888237129968e+00
2.237579163003279970e+00
2.409731260482399939e+00
1.950623047532499932e+00
1.969434119886529944e+00
2.373608678502849845e+00
2.135347578182329897e+00
1.784908343753270010e+00
2.087579343048649783e+00
2.254547657233549884e+00
2.029913273452629952e+00
1.957801995201100098e+00
1.920255921935589916e+00
1.856201129888890078e+00
1.714371635405659955e+00
1.683536663620470053e+00
1.871875755923499973e+00
2.118225455875080154e+00
1.849719213587980082e+00
1.892652749056930039e+00
1.978456512383530042e+00
1.807938730045129949e+00
1.760170494911460048e+00
1.747078299223769893e+00
1.987241445720099975e+00
2.048462945479519792e+00
2.233458021761359991e+00
2.193881810038039948e+00
2.084354117951920049e+00
2.228233999639869900e+00
2.043005469140310115e+00
2.014293666213410106e+00
2.336159911228619990e+00
2.100177374026249932e+00
1.892652749056930039e+00
1.955426126091670103e+00
2.050262454962549885e+00
2.106302466989390165e+00
2.154272948842800073e+00
2.596011156262719943e+00
1.930688277249849927e+00
1.649560765570939891e+00
1.865693945909729923e+00
1.733451582684170100e+00
1.704406471491239916e+00
1.780910592968780071e+00
1.709426238276569920e+00
2.100177374026249932e+00
1.800437106468669946e+00
1.637420947706740071e+00
1.694134639479280002e+00
1.751499664533000100e+00
2.363230385574440096e+00
1.843108934201199922e+00
1.815275469350180026e+00
1.995801099344590046e+00
2.028000327239249945e+00
2.010271832011960136e+00
2.327669533976830074e+00
2.162066490409610076e+00
2.159488808097319801e+00
1.925512852639039929e+00
2.222926921230969910e+00
2.109323376300889841e+00
1.943286308227460069e+00
2.018267620298499931e+00
1.877945163141129914e+00
1.978456512383530042e+00
2.174664521387219995e+00
1.788858782766620026e+00
1.792763016755229977e+00
1.997907151760879962e+00
1.892652749056930039e+00
1.829482217661599908e+00
1.704406471491239916e+00
1.917596081562169985e+00
2.106302466989390165e+00
2.154272948842800073e+00
2.551137230018949875e+00
1.930688277249849927e+00
1.829482217661599908e+00
1.997907151760879962e+00
1.868799160866499998e+00
1.930688277249849927e+00
1.829482217661599908e+00
1.962503596878280021e+00
2.146293089939990129e+00
1.886847242715320006e+00
1.856201129888890078e+00
1.714371635405659955e+00
1.683536663620470053e+00
2.104781698068860063e+00
1.964829795843930027e+00
1.724047912931909954e+00
1.788858782766620026e+00
1.751499664533000100e+00
1.604986891662609994e+00
1.482993422245900028e+00
1.742597584958800017e+00
2.154272948842800073e+00
2.249645833458259858e+00
1.822454417018769979e+00
2.039316943204890098e+00
1.982877877692760027e+00
1.792763016755229977e+00
1.822454417018769979e+00
2.077808649399380148e+00
2.081097426747740009e+00
2.398541110970520140e+00
2.116758164718310020e+00
1.950623047532499932e+00
2.016286556913029937e+00
2.081097426747740009e+00
1.751499664533000100e+00
2.163347905421579842e+00
2.413983651755769788e+00
2.148974294721929912e+00
2.567538124388379916e+00
1.991548708071209983e+00
2.271621115906230060e+00
2.112317191890459966e+00
1.886847242715320006e+00
2.043005469140310115e+00
2.014293666213410106e+00
2.336159911228619990e+00
1.925512852639039929e+00
1.933246207013209927e+00
1.868799160866499998e+00
1.991548708071209983e+00
1.694134639479280002e+00
1.969434119886529944e+00
2.210945569166419933e+00
2.185610033144879782e+00
2.064319614115889934e+00
1.815275469350180026e+00
1.906739573458070103e+00
1.955426126091670103e+00
2.041166300847600201e+00
1.955426126091670103e+00
1.920255921935589916e+00
2.417585933484359906e+00
1.914914876780229980e+00
1.935784684651000065e+00
2.031815319628429872e+00
2.569816687506540021e+00
1.843108934201199922e+00
2.135347578182329897e+00
1.784908343753270010e+00
1.928110594937560096e+00
2.039316943204890098e+00
2.277123573474689966e+00
2.084354117951920049e+00
2.143590174761579981e+00
2.138117786617820038e+00
2.064319614115889934e+00
2.115284395433890019e+00
2.067743317982130069e+00
2.465871299938649841e+00
2.233458021761359991e+00
2.146293089939990129e+00
2.272544514007360128e+00
1.969434119886529944e+00
1.868799160866499998e+00
2.492669699772149805e+00
2.162066490409610076e+00
2.277123573474689966e+00
2.445084825368540216e+00
2.369495999777579964e+00
1.987241445720099975e+00
2.022194820897650125e+00
2.172182664596089996e+00
2.100177374026249932e+00
1.800437106468669946e+00
1.862559573578550065e+00
2.076152029618659967e+00
2.233458021761359991e+00
2.069442091117629889e+00
1.969434119886529944e+00
1.611730721041449987e+00
1.655469029555560079e+00
1.960161073575849899e+00
2.225059888237129968e+00
2.237579163003279970e+00
1.914914876780229980e+00
2.121140829870900024e+00
1.953033225517109894e+00
2.330006590435710123e+00
2.186804339251430029e+00
2.436167882459720158e+00
2.452696417056909883e+00
2.199667192298210061e+00
1.898359011098500027e+00
2.293972716455809913e+00
1.776864383419499926e+00
1.874924253829640008e+00
1.955426126091670103e+00
2.031815319628429872e+00
2.010271832011960136e+00
2.024141229914989903e+00
2.248656771399269783e+00
2.262243864435870222e+00
1.903969365022569971e+00
1.964829795843930027e+00
2.278937752943909878e+00
2.124030962216690188e+00
1.895518073093779954e+00
2.031815319628429872e+00
2.178353047322640013e+00
2.098628377275950196e+00
2.057365025053719876e+00
2.373608678502849845e+00
1.874924253829640008e+00
1.807938730045129949e+00
2.409731260482399939e+00
1.909486981565650110e+00
1.930688277249849927e+00
1.886847242715320006e+00
1.914914876780229980e+00
2.186804339251430029e+00
2.257454568498169944e+00
1.943286308227460069e+00
1.920255921935589916e+00
2.229285364920639889e+00
2.053832630178530128e+00
1.714371635405659955e+00
1.583897256190420100e+00
1.868799160866499998e+00
2.441212938703050117e+00
1.940804451436330069e+00
2.596011156262719943e+00
1.930688277249849927e+00
2.154272948842800073e+00
2.060860430821359834e+00
2.617685832012420111e+00
2.000000000000000000e+00
2.346514873162739878e+00
1.849719213587980082e+00
2.050262454962549885e+00
2.016286556913029937e+00
1.903969365022569971e+00
1.800437106468669946e+00
1.883906182274130092e+00
1.724047912931909954e+00
2.087579343048649783e+00
2.254547657233549884e+00
2.029913273452629952e+00
2.093937786738309992e+00
2.000000000000000000e+00
2.318957556208410153e+00
2.046653682509940175e+00
1.969434119886529944e+00
1.914914876780229980e+00
1.945749848565420104e+00
2.403560877755849923e+00
2.055603500117920035e+00
1.925512852639039929e+00
1.784908343753270010e+00
2.428743270811310140e+00
2.118225455875080154e+00
2.074487147360959849e+00
1.955426126091670103e+00
2.022194820897650125e+00
1.637420947706740071e+00
1.694134639479280002e+00
1.751499664533000100e+00
1.960161073575849899e+00
1.843108934201199922e+00
2.029913273452629952e+00
1.849719213587980082e+00
1.895518073093779954e+00
1.672591151862810044e+00
1.694134639479280002e+00
1.482993422245900028e+00
1.843108934201199922e+00
1.940804451436330069e+00
1.945749848565420104e+00
2.115284395433890019e+00
1.930688277249849927e+00
1.800437106468669946e+00
1.598104004501839981e+00
1.724047912931909954e+00
1.637420947706740071e+00
1.849719213587980082e+00
1.989402024141190051e+00
2.046653682509940175e+00
2.402312995178490063e+00
2.103253969083259900e+00
2.072813919793940141e+00
2.000000000000000000e+00
1.871875755923499973e+00
1.742597584958800017e+00
1.637420947706740071e+00
2.527935264077620037e+00
1.955426126091670103e+00
1.856201129888890078e+00
1.604986891662609994e+00
2.150306864159050146e+00
1.441212938703049895e+00
1.868799160866499998e+00
1.683536663620470053e+00
1.661274535897169891e+00
1.874924253829640008e+00
2.028000327239249945e+00
1.836365104822369920e+00
2.424090816395799930e+00
2.071132262833319970e+00
2.164624420172970076e+00
2.438419548337559917e+00
2.046653682509940175e+00
2.022194820897650125e+00
1.849719213587980082e+00
2.377671303099750055e+00
1.843108934201199922e+00
1.856201129888890078e+00
2.046653682509940175e+00
1.991548708071209983e+00
2.263193532788189799e+00
1.967139896417890110e+00
1.768621786840240073e+00
1.895518073093779954e+00
1.868799160866499998e+00
1.714371635405659955e+00
2.008242596579259853e+00
1.982877877692760027e+00
1.922894735683039924e+00
1.792763016755229977e+00
1.768621786840240073e+00
1.886847242715320006e+00
1.957801995201100098e+00
2.090773704273989786e+00
1.982877877692760027e+00
2.048462945479519792e+00
1.980674515232889954e+00
1.898359011098500027e+00
1.976223673284440041e+00
1.553530130593510084e+00
1.561384803595470050e+00
1.733451582684170100e+00
1.719244834372740005e+00
1.598104004501839981e+00
1.982877877692760027e+00
2.417585933484359906e+00
1.960161073575849899e+00
2.084354117951920049e+00
1.859395491114230081e+00
1.868799160866499998e+00
2.028000327239249945e+00
2.074487147360959849e+00
1.935784684651000065e+00
2.282715735720469930e+00
1.892652749056930039e+00
2.304192132953700067e+00
1.991548708071209983e+00
2.386307618852660184e+00
2.121140829870900024e+00
2.031815319628429872e+00
1.843108934201199922e+00
1.883906182274130092e+00
1.849719213587980082e+00
1.898359011098500027e+00
2.774412904587229889e+00
2.203090896164450196e+00
1.976223673284440041e+00
2.225059888237129968e+00
1.843108934201199922e+00
1.649560765570939891e+00
1.865693945909729923e+00
1.733451582684170100e+00
1.969434119886529944e+00
2.419372600732910161e+00
2.018267620298499931e+00
1.868799160866499998e+00
1.973975798118559943e+00
1.880938978730700040e+00
1.815275469350180026e+00
1.829482217661599908e+00
2.022194820897650125e+00
2.097072159069489850e+00
1.950623047532499932e+00
2.422917499895369975e+00
1.807938730045129949e+00
2.008242596579259853e+00
1.925512852639039929e+00
2.551137230018949875e+00
2.103253969083259900e+00
2.233458021761359991e+00
2.169682216944179842e+00
2.064319614115889934e+00
2.016286556913029937e+00
1.694134639479280002e+00
1.528792281751699900e+00
1.624822916729129929e+00
2.198518109577650037e+00
2.393444703569370002e+00
2.324527786543180152e+00
2.031815319628429872e+00
2.254547657233549884e+00
2.053832630178530128e+00
1.957801995201100098e+00
1.880938978730700040e+00
2.409731260482399939e+00
1.950623047532499932e+00
1.969434119886529944e+00
1.655469029555560079e+00
1.784908343753270010e+00
1.920255921935589916e+00
2.033706589280829924e+00
2.580249042820800032e+00
1.441212938703049895e+00
1.666980797938740100e+00
1.598104004501839981e+00
1.661274535897169891e+00
1.709426238276569920e+00
1.714371635405659955e+00
2.002079808601600064e+00
2.520998740184880127e+00
2.020236995926380175e+00
1.843108934201199922e+00
1.871875755923499973e+00
2.118225455875080154e+00
1.849719213587980082e+00
1.964829795843930027e+00
1.836365104822369920e+00
2.077808649399380148e+00
2.605667438688739956e+00
2.219701696134249946e+00
2.336921161731159824e+00
2.617029375162319926e+00
2.090773704273989786e+00
2.317348838874590200e+00
1.997907151760879962e+00
2.071132262833319970e+00
1.704406471491239916e+00
1.604986891662609994e+00
1.661274535897169891e+00
2.200812333046290092e+00
2.274383682300070042e+00
2.122589023902420102e+00
2.606346601081099834e+00
1.846430436239619999e+00
1.914914876780229980e+00
1.545486170259740000e+00
1.583897256190420100e+00
1.604986891662609994e+00
1.935784684651000065e+00
2.039316943204890098e+00
2.434469109324210123e+00
2.018267620298499931e+00
1.991548708071209983e+00
2.008242596579259853e+00
1.903969365022569971e+00
2.291368217931999851e+00
1.800437106468669946e+00
2.483483956060399844e+00
2.064319614115889934e+00
1.892652749056930039e+00
1.955426126091670103e+00
2.274383682300070042e+00
2.370872530390910171e+00
2.175898564200040131e+00
2.055603500117920035e+00
2.129737224258259953e+00
1.938304003784419915e+00
1.672591151862810044e+00
1.694134639479280002e+00
1.964829795843930027e+00
2.491236018825159881e+00
2.218619658879859902e+00
2.100177374026249932e+00
1.892652749056930039e+00
1.760170494911460048e+00
1.784908343753270010e+00
1.807938730045129949e+00
1.760170494911460048e+00
1.747078299223769893e+00
2.152956149499329896e+00
2.180789614350359784e+00
2.024141229914989903e+00
1.709426238276569920e+00
1.661274535897169891e+00
1.836365104822369920e+00
2.131148677526919943e+00
1.818884241802789958e+00
1.849719213587980082e+00
2.077808649399380148e+00
2.264140507042279982e+00
2.214256090852519954e+00
2.029913273452629952e+00
1.962503596878280021e+00
1.978456512383530042e+00
2.243667019288300146e+00
2.293972716455809913e+00
1.892652749056930039e+00
2.266965416996160165e+00
2.442323782326179860e+00
1.909486981565650110e+00
1.751499664533000100e+00
2.335396920723419978e+00
2.074487147360959849e+00
1.935784684651000065e+00
1.825986811893959949e+00
1.302510475993079897e+00
1.843108934201199922e+00
2.493184321247229995e+00
1.987241445720099975e+00
1.661274535897169891e+00
1.561384803595470050e+00
1.583897256190420100e+00
2.288743238213479803e+00
2.197365057651550213e+00
2.162066490409610076e+00
1.796622114079490018e+00
1.678108768405889961e+00
2.315732331111679976e+00
2.060860430821359834e+00
1.982877877692760027e+00
1.649560765570939891e+00
1.742597584958800017e+00
1.561384803595470050e+00
1.914914876780229980e+00
1.784908343753270010e+00
2.361115437418019880e+00
1.985066791770309980e+00
1.914914876780229980e+00
1.880938978730700040e+00
1.912211961601830046e+00
2.152956149499329896e+00
2.074487147360959849e+00
1.943286308227460069e+00
1.950623047532499932e+00
2.039316943204890098e+00
1.792763016755229977e+00
1.815275469350180026e+00
1.751499664533000100e+00
2.386962787268459785e+00
2.053832630178530128e+00
1.987241445720099975e+00
1.672591151862810044e+00
1.528792281751699900e+00
1.637420947706740071e+00
2.062594503296049986e+00
2.208720172919549807e+00
2.637420947706739849e+00
1.969434119886529944e+00
2.024141229914989903e+00
2.479042983232549791e+00
2.340701589460650212e+00
2.024141229914989903e+00
1.768621786840240073e+00
2.044834559747979785e+00
1.909486981565650110e+00
1.898359011098500027e+00
1.792763016755229977e+00
2.442323782326179860e+00
1.889762616711140097e+00
1.868799160866499998e+00
1.649560765570939891e+00
1.751499664533000100e+00
1.666980797938740100e+00
1.933246207013209927e+00
1.751499664533000100e+00
1.945749848565420104e+00
1.862559573578550065e+00
2.468957376163039896e+00
1.930688277249849927e+00
2.012288806128540219e+00
2.476049167642969895e+00
1.964829795843930027e+00
1.751499664533000100e+00
2.426425148990440039e+00
2.203090896164450196e+00
2.683536663620469831e+00
2.132554187816840141e+00
2.044834559747979785e+00
2.396002633332730003e+00
1.839754049673560043e+00
1.868799160866499998e+00
2.087579343048649783e+00
2.597059220548170178e+00
1.960161073575849899e+00
2.124030962216690188e+00
1.930688277249849927e+00
2.069442091117629889e+00
2.527935264077620037e+00
1.914914876780229980e+00
2.422917499895369975e+00
1.989402024141190051e+00
1.940804451436330069e+00
1.849719213587980082e+00
2.008242596579259853e+00
2.362526890686670100e+00
2.201953558775629816e+00
2.125466698626569784e+00
1.903969365022569971e+00
1.987241445720099975e+00
2.048462945479519792e+00
2.233458021761359991e+00
1.948195340826770039e+00
2.035587203836399794e+00
1.935784684651000065e+00
2.163347905421579842e+00
1.987241445720099975e+00
2.110823640402430090e+00
2.179573553986529966e+00
1.982877877692760027e+00
1.920255921935589916e+00
1.704406471491239916e+00
1.776864383419499926e+00
1.683536663620470053e+00
1.755863232560340048e+00
1.709426238276569920e+00
1.569058893308910019e+00
2.616371624800339912e+00
1.922894735683039924e+00
2.124030962216690188e+00
2.199667192298210061e+00
2.067743317982130069e+00
2.349603669034840081e+00
2.798153347042930061e+00
2.392158350529749899e+00
2.243667019288300146e+00
2.175898564200040131e+00
2.228233999639869900e+00
2.177128061725179808e+00
2.084354117951920049e+00
2.222926921230969910e+00
2.044834559747979785e+00
1.699310064090090000e+00
1.776864383419499926e+00
2.182001260692259859e+00
1.859395491114230081e+00
2.028000327239249945e+00
2.366725791342089824e+00
2.143590174761579981e+00
2.087579343048649783e+00
2.500679596306639940e+00
2.234493086778889914e+00
2.074487147360959849e+00
2.084354117951920049e+00
2.584622138561480043e+00
2.295697827275649860e+00
1.945749848565420104e+00
1.922894735683039924e+00
1.933246207013209927e+00
1.678108768405889961e+00
2.109323376300889841e+00
1.982877877692760027e+00
2.116758164718310020e+00
2.057365025053719876e+00
2.321356188330609971e+00
2.077808649399380148e+00
2.255519443074749830e+00
2.383012348255109991e+00
2.564475642351169871e+00
1.852975904792159900e+00
1.649560765570939891e+00
1.877945163141129914e+00
1.836365104822369920e+00
2.156891065798800078e+00
2.281640668122309812e+00
2.148974294721929912e+00
2.223995108384719810e+00
2.129737224258259953e+00
2.143590174761579981e+00
2.352519043030659951e+00
2.115284395433890019e+00
1.982877877692760027e+00
2.451619615475760128e+00
2.053832630178530128e+00
2.323737707592819834e+00
2.498812132970650079e+00
2.164624420172970076e+00
2.210945569166419933e+00
2.163347905421579842e+00
2.156891065798800078e+00
2.035587203836399794e+00
1.868799160866499998e+00
2.008242596579259853e+00
2.055603500117920035e+00
2.232419737251809977e+00
1.948195340826770039e+00
2.087579343048649783e+00
2.039316943204890098e+00
2.177128061725179808e+00
2.362526890686670100e+00
2.179573553986529966e+00
1.598104004501839981e+00
1.649560765570939891e+00
1.699310064090090000e+00
1.818884241802789958e+00
1.903969365022569971e+00
1.895518073093779954e+00
1.768621786840240073e+00
1.914914876780229980e+00
1.955426126091670103e+00
1.839754049673560043e+00
2.485925870393309811e+00
1.925512852639039929e+00
1.950623047532499932e+00
2.143590174761579981e+00
2.363230385574440096e+00
1.738055906726780009e+00
1.852975904792159900e+00
1.776864383419499926e+00
2.454839655242650132e+00
2.184411438676869821e+00
2.064319614115889934e+00
2.115284395433890019e+00
2.121140829870900024e+00
1.933246207013209927e+00
1.859395491114230081e+00
1.836365104822369920e+00
1.880938978730700040e+00
2.131148677526919943e+00
1.877945163141129914e+00
1.733451582684170100e+00
1.865693945909729923e+00
1.714371635405659955e+00
1.886847242715320006e+00
2.526214599439399855e+00
2.081097426747740009e+00
1.982877877692760027e+00
1.989402024141190051e+00
1.886847242715320006e+00
2.143590174761579981e+00
1.920255921935589916e+00
2.234493086778889914e+00
2.024141229914989903e+00
1.856201129888890078e+00
1.928110594937560096e+00
1.709426238276569920e+00
1.661274535897169891e+00
1.836365104822369920e+00
1.969434119886529944e+00
2.024141229914989903e+00
2.081097426747740009e+00
2.082729743940220146e+00
2.172182664596089996e+00
1.901175974657079992e+00
1.973975798118559943e+00
2.115284395433890019e+00
2.383012348255109991e+00
2.146293089939990129e+00
2.305865360520720220e+00
2.197365057651550213e+00
2.414586738099940177e+00
1.935784684651000065e+00
2.241650045171720063e+00
2.200812333046290092e+00
2.064319614115889934e+00
2.343695405050219893e+00
2.122589023902420102e+00
2.074487147360959849e+00
2.020236995926380175e+00
1.955426126091670103e+00
2.050262454962549885e+00
2.564475642351169871e+00
1.901175974657079992e+00
1.760170494911460048e+00
1.880938978730700040e+00
2.463797950411569904e+00
1.960161073575849899e+00
1.969434119886529944e+00
2.186804339251430029e+00
2.071132262833319970e+00
2.532198517437150187e+00
1.945749848565420104e+00
1.925512852639039929e+00
2.022194820897650125e+00
1.964829795843930027e+00
1.957801995201100098e+00
2.129737224258259953e+00
2.097072159069489850e+00
2.278031895669700102e+00
2.249645833458259858e+00
2.254547657233549884e+00
2.405423998131280161e+00
1.978456512383530042e+00
1.784908343753270010e+00
1.768621786840240073e+00
2.077808649399380148e+00
2.125466698626569784e+00
2.193881810038039948e+00
2.084354117951920049e+00
2.228233999639869900e+00
2.138117786617820038e+00
2.100177374026249932e+00
2.115284395433890019e+00
2.074487147360959849e+00
2.024141229914989903e+00
2.535570346113449780e+00
1.709426238276569920e+00
1.661274535897169891e+00
1.836365104822369920e+00
1.909486981565650110e+00
2.271621115906230060e+00
1.964829795843930027e+00
1.962503596878280021e+00
2.296557050917860110e+00
2.016286556913029937e+00
1.938304003784419915e+00
1.950623047532499932e+00
2.169682216944179842e+00
1.925512852639039929e+00
2.004146739048819903e+00
2.041166300847600201e+00
1.829482217661599908e+00
2.060860430821359834e+00
1.901175974657079992e+00
2.182001260692259859e+00
2.041166300847600201e+00
2.271621115906230060e+00
1.800437106468669946e+00
1.804208990676640090e+00
1.672591151862810044e+00
1.815275469350180026e+00
1.895518073093779954e+00
1.836365104822369920e+00
2.498343630155920092e+00
1.906739573458070103e+00
2.268835495840700212e+00
1.839754049673560043e+00
1.849719213587980082e+00
2.106302466989390165e+00
2.064319614115889934e+00
1.914914876780229980e+00
2.572830777516890155e+00
1.829482217661599908e+00
2.012288806128540219e+00
2.441212938703050117e+00
1.964829795843930027e+00
2.227179312504349973e+00
2.220780237300949977e+00
2.095508651758180019e+00
2.090773704273989786e+00
1.953033225517109894e+00
1.792763016755229977e+00
1.935784684651000065e+00
2.305865360520720220e+00
2.064319614115889934e+00
1.836365104822369920e+00
2.379014597470630044e+00
1.800437106468669946e+00
1.892652749056930039e+00
1.978456512383530042e+00
1.772768525889059976e+00
1.982877877692760027e+00
1.807938730045129949e+00
2.057365025053719876e+00
2.361115437418019880e+00
2.048462945479519792e+00
1.811627255980549966e+00
1.545486170259740000e+00
1.843108934201199922e+00
2.002079808601600064e+00
2.053832630178530128e+00
2.315732331111679976e+00
1.987241445720099975e+00
1.874924253829640008e+00
2.356127815483279875e+00
2.031815319628429872e+00
2.050262454962549885e+00
2.022194820897650125e+00
2.392158350529749899e+00
2.401687300148629856e+00
2.076152029618659967e+00
2.465871299938649841e+00
1.935784684651000065e+00
1.880938978730700040e+00
2.172182664596089996e+00
1.925512852639039929e+00
1.874924253829640008e+00
2.419372600732910161e+00
1.895518073093779954e+00
1.957801995201100098e+00
1.920255921935589916e+00
1.704406471491239916e+00
1.780910592968780071e+00
1.709426238276569920e+00
2.002079808601600064e+00
1.874924253829640008e+00
2.077808649399380148e+00
2.431045405457969988e+00
1.880938978730700040e+00
1.925512852639039929e+00
1.935784684651000065e+00
1.982877877692760027e+00
1.760170494911460048e+00
2.155584574108699858e+00
1.940804451436330069e+00
1.930688277249849927e+00
2.394086025958180208e+00
2.066035855432180046e+00
1.755863232560340048e+00
2.370872530390910171e+00
1.849719213587980082e+00
2.268835495840700212e+00
2.100177374026249932e+00
2.172182664596089996e+00
2.179573553986529966e+00
2.043005469140310115e+00
2.567538124388379916e+00
1.991548708071209983e+00
1.980674515232889954e+00
2.064319614115889934e+00
2.016286556913029937e+00
1.755863232560340048e+00
2.370872530390910171e+00
1.849719213587980082e+00
2.532198517437150187e+00
1.945749848565420104e+00
1.925512852639039929e+00
1.955426126091670103e+00
2.050262454962549885e+00
2.146293089939990129e+00
2.305865360520720220e+00
2.074487147360959849e+00
2.024141229914989903e+00
2.535570346113449780e+00
2.031815319628429872e+00
2.254547657233549884e+00
2.053832630178530128e+00
2.356127815483279875e+00
2.031815319628429872e+00
2.050262454962549885e+00
1.935784684651000065e+00
2.282715735720469930e+00
1.694134639479280002e+00
1.969434119886529944e+00
2.074487147360959849e+00
2.020236995926380175e+00
2.069442091117629889e+00
2.396002633332730003e+00
1.839754049673560043e+00
1.868799160866499998e+00
2.442323782326179860e+00
1.909486981565650110e+00
1.751499664533000100e+00
2.422917499895369975e+00
2.100177374026249932e+00
2.053832630178530128e+00
1.945749848565420104e+00
1.862559573578550065e+00
2.468957376163039896e+00
2.002079808601600064e+00
2.053832630178530128e+00
1.957801995201100098e+00
1.920255921935589916e+00
1.914914876780229980e+00
2.572830777516890155e+00
1.829482217661599908e+00
2.077808649399380148e+00
2.081097426747740009e+00
1.895518073093779954e+00
2.031815319628429872e+00
2.327669533976830074e+00
2.162066490409610076e+00
2.159488808097319801e+00
2.551137230018949875e+00
1.930688277249849927e+00
1.829482217661599908e+00
2.057365025053719876e+00
2.361115437418019880e+00
2.048462945479519792e+00
2.526214599439399855e+00
2.081097426747740009e+00
1.982877877692760027e+00
2.155584574108699858e+00
1.940804451436330069e+00
2.233458021761359991e+00
2.069442091117629889e+00
1.969434119886529944e+00
2.156891065798800078e+00
2.281640668122309812e+00
2.148974294721929912e+00
2.386962787268459785e+00
2.053832630178530128e+00
1.987241445720099975e+00
2.336921161731159824e+00
2.617029375162319926e+00
2.090773704273989786e+00
2.000000000000000000e+00
2.346514873162739878e+00
1.849719213587980082e+00
2.442323782326179860e+00
1.889762616711140097e+00
1.868799160866499998e+00
1.962503596878280021e+00
2.146293089939990129e+00
1.886847242715320006e+00
2.383674009920110137e+00
1.903969365022569971e+00
1.922894735683039924e+00
1.788858782766620026e+00
1.792763016755229977e+00
2.012288806128540219e+00
2.210945569166419933e+00
2.163347905421579842e+00
2.156891065798800078e+00
2.059117303096880125e+00
2.474542130317110011e+00
1.836365104822369920e+00
2.479042983232549791e+00
2.340701589460650212e+00
2.024141229914989903e+00
2.035587203836399794e+00
1.868799160866499998e+00
2.198518109577650037e+00
2.393444703569370002e+00
2.324527786543180152e+00
2.057365025053719876e+00
2.361115437418019880e+00
2.048462945479519792e+00
2.233458021761359991e+00
2.146293089939990129e+00
2.272544514007360128e+00
2.369495999777579964e+00
1.987241445720099975e+00
2.022194820897650125e+00
2.082729743940220146e+00
2.172182664596089996e+00
1.969434119886529944e+00
1.933246207013209927e+00
1.751499664533000100e+00
2.564475642351169871e+00
1.901175974657079992e+00
1.760170494911460048e+00
2.268835495840700212e+00
2.100177374026249932e+00
1.892652749056930039e+00
2.304192132953700067e+00
2.476049167642969895e+00
1.964829795843930027e+00
1.751499664533000100e+00
1.868799160866499998e+00
1.714371635405659955e+00
1.709426238276569920e+00
1.661274535897169891e+00
1.836365104822369920e+00
1.964829795843930027e+00
2.491236018825159881e+00
2.218619658879859902e+00
2.135347578182329897e+00
1.784908343753270010e+00
2.064319614115889934e+00
2.343695405050219893e+00
2.122589023902420102e+00
1.874924253829640008e+00
1.807938730045129949e+00
1.836365104822369920e+00
2.379014597470630044e+00
1.800437106468669946e+00
1.598104004501839981e+00
1.724047912931909954e+00
1.637420947706740071e+00
1.849719213587980082e+00
1.989402024141190051e+00
2.315732331111679976e+00
1.987241445720099975e+00
1.874924253829640008e+00
2.527935264077620037e+00
1.955426126091670103e+00
1.856201129888890078e+00
2.445084825368540216e+00
2.373608678502849845e+00
1.874924253829640008e+00
2.419372600732910161e+00
1.895518073093779954e+00
2.442323782326179860e+00
1.889762616711140097e+00
1.868799160866499998e+00
2.069442091117629889e+00
2.527935264077620037e+00
1.914914876780229980e+00
2.050262454962549885e+00
2.315732331111679976e+00
1.987241445720099975e+00
1.874924253829640008e+00
2.428743270811310140e+00
2.118225455875080154e+00
2.074487147360959849e+00
2.564475642351169871e+00
1.901175974657079992e+00
1.760170494911460048e+00
2.077808649399380148e+00
2.081097426747740009e+00
2.527935264077620037e+00
1.955426126091670103e+00
1.856201129888890078e+00
1.849719213587980082e+00
1.989402024141190051e+00
2.198518109577650037e+00
2.393444703569370002e+00
2.324527786543180152e+00
2.043005469140310115e+00
1.760170494911460048e+00
1.576560516885370022e+00
1.672591151862810044e+00
1.528792281751699900e+00
1.637420947706740071e+00
1.661274535897169891e+00
1.561384803595470050e+00
1.583897256190420100e+00
2.500679596306639940e+00
2.234493086778889914e+00
2.074487147360959849e+00
1.661274535897169891e+00
1.709426238276569920e+00
1.714371635405659955e+00
2.164624420172970076e+00
2.438419548337559917e+00
2.046653682509940175e+00
1.868799160866499998e+00
2.441212938703050117e+00
1.940804451436330069e+00
2.175898564200040131e+00
2.228233999639869900e+00
2.177128061725179808e+00
2.335396920723419978e+00
2.074487147360959849e+00
2.223995108384719810e+00
2.129737224258259953e+00
2.008242596579259853e+00
2.362526890686670100e+00
2.201953558775629816e+00
2.090773704273989786e+00
1.982877877692760027e+00
1.945749848565420104e+00
2.115284395433890019e+00
1.886847242715320006e+00
1.957801995201100098e+00
2.248656771399269783e+00
2.262243864435870222e+00
1.886847242715320006e+00
1.957801995201100098e+00
2.084354117951920049e+00
2.584622138561480043e+00
2.295697827275649860e+00
1.920255921935589916e+00
2.033706589280829924e+00
2.580249042820800032e+00
2.143590174761579981e+00
1.920255921935589916e+00
2.234493086778889914e+00
2.039316943204890098e+00
2.241650045171720063e+00
2.200812333046290092e+00
2.154272948842800073e+00
1.997907151760879962e+00
1.868799160866499998e+00
2.498343630155920092e+00
1.906739573458070103e+00
2.055603500117920035e+00
2.129737224258259953e+00
2.465871299938649841e+00
1.935784684651000065e+00
1.880938978730700040e+00
2.084354117951920049e+00
2.222926921230969910e+00
1.957801995201100098e+00
1.880938978730700040e+00
1.985066791770309980e+00
1.829482217661599908e+00
2.060860430821359834e+00
1.901175974657079992e+00
2.125466698626569784e+00
1.903969365022569971e+00
2.077808649399380148e+00
2.605667438688739956e+00
2.219701696134249946e+00
1.962503596878280021e+00
2.146293089939990129e+00
1.886847242715320006e+00
1.914914876780229980e+00
1.880938978730700040e+00
2.175898564200040131e+00
2.228233999639869900e+00
2.177128061725179808e+00
2.100177374026249932e+00
1.800437106468669946e+00
2.186804339251430029e+00
2.257454568498169944e+00
2.232419737251809977e+00
1.948195340826770039e+00
2.087579343048649783e+00
2.077808649399380148e+00
2.431045405457969988e+00
1.880938978730700040e+00
2.064319614115889934e+00
2.016286556913029937e+00
1.955426126091670103e+00
2.022194820897650125e+00
2.317348838874590200e+00
1.997907151760879962e+00
2.071132262833319970e+00
1.604986891662609994e+00
2.150306864159050146e+00
1.441212938703049895e+00
1.649560765570939891e+00
1.742597584958800017e+00
1.561384803595470050e+00
1.982877877692760027e+00
2.417585933484359906e+00
1.960161073575849899e+00
2.115284395433890019e+00
2.067743317982130069e+00
2.465871299938649841e+00
2.163347905421579842e+00
1.987241445720099975e+00
2.110823640402430090e+00
1.989402024141190051e+00
1.886847242715320006e+00
2.104781698068860063e+00
1.964829795843930027e+00
2.115284395433890019e+00
2.121140829870900024e+00
2.097072159069489850e+00
1.950623047532499932e+00
2.077808649399380148e+00
2.255519443074749830e+00
2.383012348255109991e+00
1.925512852639039929e+00
1.784908343753270010e+00
2.106302466989390165e+00
2.064319614115889934e+00
2.277123573474689966e+00
2.084354117951920049e+00
2.143590174761579981e+00
1.843108934201199922e+00
2.493184321247229995e+00
1.987241445720099975e+00
2.093937786738309992e+00
2.000000000000000000e+00
2.318957556208410153e+00
2.115284395433890019e+00
2.383012348255109991e+00
2.200812333046290092e+00
2.274383682300070042e+00
2.122589023902420102e+00
2.072813919793940141e+00
2.000000000000000000e+00
1.997907151760879962e+00
1.892652749056930039e+00
1.829482217661599908e+00
1.955426126091670103e+00
2.050262454962549885e+00
1.955426126091670103e+00
2.041166300847600201e+00
2.152956149499329896e+00
2.180789614350359784e+00
2.024141229914989903e+00
2.106302466989390165e+00
2.154272948842800073e+00
2.177128061725179808e+00
2.362526890686670100e+00
2.179573553986529966e+00
2.124030962216690188e+00
1.930688277249849927e+00
2.182001260692259859e+00
1.859395491114230081e+00
2.028000327239249945e+00
2.008242596579259853e+00
2.055603500117920035e+00
2.268835495840700212e+00
1.839754049673560043e+00
1.849719213587980082e+00
1.935784684651000065e+00
2.039316943204890098e+00
2.182001260692259859e+00
1.859395491114230081e+00
2.028000327239249945e+00
2.028000327239249945e+00
2.074487147360959849e+00
2.366725791342089824e+00
2.143590174761579981e+00
2.087579343048649783e+00
2.097072159069489850e+00
2.278031895669700102e+00
2.249645833458259858e+00
2.020236995926380175e+00
1.843108934201199922e+00
1.955426126091670103e+00
2.031815319628429872e+00
2.087579343048649783e+00
2.254547657233549884e+00
2.029913273452629952e+00
1.815275469350180026e+00
1.906739573458070103e+00
2.225059888237129968e+00
2.237579163003279970e+00
1.982877877692760027e+00
1.760170494911460048e+00
2.022194820897650125e+00
1.964829795843930027e+00
2.169682216944179842e+00
1.925512852639039929e+00
2.426425148990440039e+00
2.203090896164450196e+00
2.683536663620469831e+00
2.109323376300889841e+00
1.982877877692760027e+00
1.892652749056930039e+00
1.978456512383530042e+00
2.363230385574440096e+00
1.843108934201199922e+00
1.815275469350180026e+00
2.492669699772149805e+00
2.162066490409610076e+00
2.277123573474689966e+00
1.598104004501839981e+00
1.724047912931909954e+00
1.637420947706740071e+00
2.392158350529749899e+00
2.243667019288300146e+00
2.366725791342089824e+00
2.143590174761579981e+00
2.087579343048649783e+00
1.928110594937560096e+00
2.039316943204890098e+00
2.172182664596089996e+00
2.596011156262719943e+00
1.930688277249849927e+00
1.987241445720099975e+00
2.048462945479519792e+00
2.233458021761359991e+00
1.898359011098500027e+00
2.774412904587229889e+00
2.203090896164450196e+00
2.004146739048819903e+00
2.041166300847600201e+00
2.254547657233549884e+00
2.405423998131280161e+00
1.978456512383530042e+00
1.755863232560340048e+00
2.370872530390910171e+00
1.849719213587980082e+00
2.000000000000000000e+00
2.346514873162739878e+00
1.849719213587980082e+00
2.164624420172970076e+00
2.438419548337559917e+00
2.046653682509940175e+00
2.422917499895369975e+00
2.100177374026249932e+00
1.892652749056930039e+00
2.172182664596089996e+00
2.179573553986529966e+00
2.043005469140310115e+00
1.935784684651000065e+00
2.305865360520720220e+00
2.064319614115889934e+00
2.398541110970520140e+00
2.116758164718310020e+00
1.950623047532499932e+00
2.330006590435710123e+00
2.186804339251430029e+00
2.436167882459720158e+00
1.862559573578550065e+00
2.076152029618659967e+00
2.155584574108699858e+00
1.940804451436330069e+00
2.323737707592819834e+00
2.498812132970650079e+00
2.164624420172970076e+00
2.116758164718310020e+00
2.057365025053719876e+00
2.321356188330609971e+00
1.960161073575849899e+00
1.843108934201199922e+00
2.029913273452629952e+00
2.046653682509940175e+00
2.402312995178490063e+00
2.103253969083259900e+00
1.704406471491239916e+00
1.776864383419499926e+00
1.683536663620470053e+00
2.016286556913029937e+00
1.903969365022569971e+00
1.945749848565420104e+00
1.922894735683039924e+00
1.637420947706740071e+00
1.694134639479280002e+00
1.751499664533000100e+00
