0 1 2 3 4 5 |PI655981|0.005572867433966715
6 7 8 9 10 11 12 13 14 15 16 |PI655978|0.06127095737421692
17 18 19 20 21 22 23 24 25 26 27 28 29 30 31 |PI656015|0.055659344570550086
32 33 34 35 36 37 38 39 |PI253986|0.021874226943437394
40 41 42 43 44 45 46 47 |PI452692|0.008007577093907467
48 49 50 51 52 53 |PI533998|0.0013801338673560058
54 55 56 57 58 59 60 61 62 |PI226096|0.04143230244019169
63 64 65 |PI542718|0.10631923499305491
66 67 68 69 70 71 72 73 74 |PI329403|0.0016608392906465443
75 76 77 78 79 80 81 82 83 |PI563329|0.0045393821819543
84 85 86 87 88 89 90 91 92 |PI329570|0.000893939071456652
93 94 95 |PI329710|0.0013112280839572903
96 97 98 99 100 101 102 103 104 105 |PI329702|0.001629305953945248
106 107 108 109 110 111 112 113 |PI156268|0.00555770441637528
114 115 116 117 118 119 |PI570145|0.003781773212832775
120 121 122 123 124 125 126 127 |PI329569|0.020902914140088113
128 129 130 131 132 133 |PI563330|0.0045075240606088345
134 135 136 137 138 139 140 141 142 |PI226096|0.04143230244019169
143 144 145 146 147 148 149 150 151 152 153 154 155 156 157 |PI656015|0.055659344570550086
158 159 160 161 162 163 164 165 166 |PI656065|0.019714829541754575
167 168 169 170 171 172 173 174 175 176 177 178 |PI576401|0.01649005887070359
179 180 181 182 183 184 185 186 187 |PI564163|0.015137088067807907
188 189 190 191 192 193 |PI251672|0.002524026987543181
194 195 196 197 198 199 200 201 202 |PI226096|0.04143230244019169
203 204 205 206 207 208 |PI533998|0.0013801338673560058
209 210 211 212 213 214 |PI329301|0.004885705819977776
215 216 217 218 219 220 221 222 223 |PI585577|0.002971160080208856
224 225 226 |PI154844|0.0003244662063684375
227 228 229 230 231 232 233 234 235 236 237 238 239 240 241 242 |PI330181|0.07349023918914156
243 244 245 246 247 248 249 250 251 |PI535792|0.05955588006950706
252 253 254 255 256 257 258 259 |PI329569|0.020902914140088113
260 261 262 263 264 265 |PI330185|0.007964454631206258
266 267 268 269 270 |PI330168|8.12258121351554e-05
271 272 273 274 275 276 |PI563330|0.0045075240606088345
277 278 279 280 281 282 |PI155149|0.02222687641842634
283 284 285 286 287 288 |PI550604|0.007106361233070062
289 290 291 292 293 294 295 296 297 298 299 300 |PI535793|0.019115670629379564
301 302 303 304 305 306 307 308 309 |PI564163|0.015137088067807907
310 311 312 313 314 315 |PI534165|0.0006404076726900202
316 317 318 319 320 321 322 323 324 325 |PI562970|0.0020224286890197112
326 327 328 329 330 331 |PI655981|0.005572867433966715
332 333 334 335 336 337 |PI526905|0.044197172172651684
338 339 340 341 342 343 344 345 346 |PI181899|0.020401693596329654
347 348 349 350 351 |PI569446|0.04540075301198757
352 353 354 |PI329710|0.0013112280839572903
355 356 357 358 359 360 361 362 363 |PI455217|0.01475676770220646
364 365 366 367 368 369 370 371 372 |PI656065|0.019714829541754575
373 374 375 376 377 378 |PI570145|0.003781773212832775
379 380 381 382 383 384 385 386 387 388 389 |PI655978|0.06127095737421692
390 391 392 393 394 395 |PI562732|0.00035775862391266303
396 397 398 399 400 401 402 403 404 |PI297155|0.00651538332724951
405 406 407 408 409 410 411 412 413 414 415 416 |PI197542|0.04132148662809907
417 418 419 420 421 422 423 424 425 426 427 428 |PI533902|0.023571116149673835
429 430 431 432 433 434 435 436 437 438 |PI329702|0.001629305953945248
439 440 441 442 443 444 445 446 447 448 449 450 |PI452544|0.03391979286764216
451 452 453 454 455 456 457 458 459 |PI561840|0.0030792239322184624
460 461 462 463 464 465 466 467 468 |PI593916|0.060180606029689415
469 470 471 472 473 474 475 476 477 478 479 480 |PI152963|0.009206903070717164
481 482 483 484 485 486 |PI157804|0.009605825028752265
487 488 489 490 491 492 493 494 495 |PI452542|0.00411466730336217
496 497 498 499 500 501 502 503 504 505 506 507 508 509 510 |PI656015|0.055659344570550086
511 512 513 514 515 516 517 518 |PI253986|0.021874226943437394
519 520 521 522 523 524 525 526 527 |PI196049|0.0006489856775660971
528 529 530 531 532 533 534 535 536 537 538 539 540 541 |PI569148|0.03431330356097293
542 543 544 545 546 547 548 549 550 |PI329570|0.000893939071456652
551 552 553 554 555 556 |PI576399|0.04808452721379342
557 558 559 |PI569452|0.001181991506663823
560 561 562 563 564 565 |PI181083|0.0037981684568788973
566 567 568 569 570 571 |PI329435|0.0004382797576004533
572 573 574 575 576 577 578 579 580 |PI329614|0.0028006054052702595
581 582 583 584 585 586 587 588 589 |PI533792|0.0016272386393154001
590 591 592 593 594 595 596 597 598 |PI563332|0.03123444288596246
599 600 601 602 603 604 |PI540518|0.0014926951416535125
605 606 607 608 609 610 611 612 613 614 615 |PI330182|0.06651310396778407
616 617 618 619 620 621 622 623 624 |PI213900|0.025668010254789965
625 626 627 628 629 630 631 |PI181080|0.035743249924417055
632 633 634 635 636 637 638 639 |PI156268|0.00555770441637528
640 641 642 643 644 645 |PI329310|0.0024705738782036255
646 647 648 649 650 651 |PI329865|0.0010110595644914758
652 653 654 655 656 657 |PI535794|0.036028099072729906
658 659 660 |PI329394|0.001403004119088876
661 662 663 |PI542718|0.10631923499305491
664 665 666 667 668 669 670 671 672 673 674 |PI569097|0.03745986368885883
675 676 677 678 679 680 |PI337689|0.016318640007996033
681 682 683 684 685 686 687 688 689 |PI329403|0.0016608392906465443
690 691 692 693 694 695 |PI300119|0.0005935768031836636
696 697 698 699 700 701 702 703 704 |PI527045|0.09335584979850481
705 706 707 708 709 710 711 712 713 714 715 716 |PI92270|0.06649924825314209
717 718 719 720 721 722 723 724 725 726 727 728 729 730 731 |PI329519|0.024338411347474234
732 733 734 735 736 737 |PI329841|0.015118029688992363
738 739 740 741 742 743 744 745 |PI253986|0.021874226943437394
746 747 748 749 750 751 752 753 754 755 756 |PI329843|0.013671066242923068
757 758 759 760 761 762 763 764 |PI452692|0.008007577093907467
765 766 767 768 769 770 |PI329300|0.005890226117465039
771 772 773 774 775 776 777 778 779 780 781 782 783 |PI329256|0.06375970421898652
784 785 786 |PI329511|0.0012775345012144054
787 788 789 790 791 792 793 794 |PI253986|0.021874226943437394
795 796 797 798 799 800 801 802 803 |PI562985|0.005614621372036048
804 805 806 807 808 809 810 811 812 813 814 815 |PI576401|0.01649005887070359
816 817 818 819 820 821 822 823 824 |PI563329|0.0045393821819543
825 826 827 828 829 830 831 832 833 |PI585577|0.002971160080208856
834 835 836 837 838 839 840 841 |PI452692|0.008007577093907467
842 843 844 845 846 847 848 849 850 851 852 853 |PI452544|0.03391979286764216
854 855 856 857 858 859 860 861 862 |PI563332|0.03123444288596246
863 864 865 866 867 868 |PI562732|0.00035775862391266303
869 870 871 |PI154844|0.0003244662063684375
872 873 874 875 876 877 878 879 880 |PI563329|0.0045393821819543
881 882 883 884 885 886 887 888 889 |PI455217|0.01475676770220646
890 891 892 893 894 895 896 897 |PI253986|0.021874226943437394
898 899 900 901 902 903 904 905 906 |PI452542|0.00411466730336217
907 908 909 910 911 912 |PI534165|0.0006404076726900202
913 914 915 916 917 918 919 920 921 922 |PI562970|0.0020224286890197112
923 924 925 926 927 928 929 930 931 |PI562985|0.005614621372036048
932 933 934 935 936 937 |PI563330|0.0045075240606088345
938 939 940 941 942 943 944 945 946 |PI562985|0.005614621372036048
947 948 949 950 951 952 953 954 955 956 |PI562970|0.0020224286890197112
957 958 959 960 961 962 |PI562732|0.00035775862391266303
963 964 965 966 967 968 969 970 971 972 973 974 975 976 977 |PI52606|0.02518073442917577
978 979 980 981 982 983 984 985 986 |PI533792|0.0016272386393154001
987 988 989 990 991 992 |PI576399|0.04808452721379342
993 994 995 996 997 998 999 1000 1001 1002 1003 1004 |PI533902|0.023571116149673835
1005 1006 1007 1008 1009 1010 1011 1012 1013 1014 1015 1016 1017 1018 |PI569148|0.03431330356097293
1019 1020 1021 1022 1023 1024 |PI337689|0.016318640007996033
1025 1026 1027 1028 1029 |PI330168|8.12258121351554e-05
1030 1031 1032 |PI329394|0.001403004119088876
1033 1034 1035 1036 1037 1038 |PI329841|0.015118029688992363
1039 1040 1041 1042 1043 1044 |PI329300|0.005890226117465039
1045 1046 1047 1048 1049 1050 |PI329301|0.004885705819977776
1051 1052 1053 1054 1055 1056 |PI329865|0.0010110595644914758
1057 1058 1059 1060 1061 1062 1063 1064 1065 |PI329614|0.0028006054052702595
1066 1067 1068 1069 1070 1071 1072 1073 1074 1075 |PI329702|0.001629305953945248
1076 1077 1078 1079 1080 1081 |PI329435|0.0004382797576004533
1082 1083 1084 |PI329710|0.0013112280839572903
1085 1086 1087 1088 1089 1090 1091 1092 1093 1094 1095 1096 1097 1098 1099 |PI329519|0.024338411347474234
1100 1101 1102 1103 1104 1105 1106 1107 1108 1109 1110 |PI569097|0.03745986368885883
1111 1112 1113 1114 1115 1116 1117 1118 1119 |PI329570|0.000893939071456652
1120 1121 1122 1123 1124 1125 1126 1127 1128 1129 1130 |PI329843|0.013671066242923068
1131 1132 1133 1134 1135 1136 1137 1138 1139 1140 1141 1142 1143 |PI329256|0.06375970421898652
1144 1145 1146 1147 1148 1149 1150 1151 |PI329569|0.020902914140088113
1152 1153 1154 1155 1156 1157 1158 1159 1160 1161 1162 |PI330182|0.06651310396778407
1163 1164 1165 1166 1167 1168 1169 1170 1171 1172 1173 1174 1175 1176 1177 1178 |PI330181|0.07349023918914156
1179 1180 1181 1182 1183 1184 |PI534165|0.0006404076726900202
1185 1186 1187 1188 1189 1190 |PI329310|0.0024705738782036255
1191 1192 1193 |PI329511|0.0012775345012144054
1194 1195 1196 1197 1198 1199 |PI330185|0.007964454631206258
1200 1201 1202 1203 1204 1205 1206 1207 1208 |PI329403|0.0016608392906465443
1209 1210 1211 1212 1213 1214 1215 1216 1217 |PI213900|0.025668010254789965
1218 1219 1220 1221 1222 1223 1224 1225 1226 |PI564163|0.015137088067807907
