0 1 2 |PI656015|0.021123048157919506
3 4 5 |PI642998|0.031261035857571194
6 7 8 |PI330196|0.050486900547003354
9 10 11 |PI452692|0.01086838804262353
12 13 14 |PI533998|0.01507496568342471
15 16 17 |PI329333|0.004969392907757272
18 19 20 21 |PI329351|0.005453057738672048
22 23 24 25 |PI542718|0.02227888943098845
26 27 28 |PI329617|0.038688610508164196
29 30 31 |PI570393|0.004188083825233055
32 33 34 |PI563329|0.05301958929696141
35 36 37 |PI562994|0.0019503156713585317
38 39 40 41 |PI329570|0.02206473380203799
42 43 44 |PI619838|0.057281734331359
45 46 47 48 |PI563009|0.1069518558173078
49 50 51 52 |PI330167|0.030982765452184577
53 54 55 |PI329569|0.021526827133230907
56 57 58 |PI569886|0.003661086932798581
59 60 61 62 |PI329605|0.01863512668614762
63 64 65 |PI562991|0.01938693759719627
66 67 68 69 |PI655983|0.05603652374306208
70 71 72 |PI656015|0.021123048157919506
73 74 75 |PI329584|0.020510084208469215
76 77 78 |PI329510|0.031908256177004976
79 80 81 |PI564163|0.0026435758249026445
82 83 84 |PI513898|0.013388131526153257
85 86 87 88 |PI569423|0.025146827708964453
89 90 91 |PI329510|0.031908256177004976
92 93 94 95 |PI562971|0.02004973659969022
96 97 98 99 |PI563348|0.024293262196295025
100 101 102 103 |PI167093|0.03434048100501105
104 105 106 |PI533998|0.01507496568342471
107 108 109 110 |PI329301|0.0750556898401924
111 112 113 |PI521290|0.034295211927285255
114 115 116 117 |PI569460|0.0033454282748649846
118 119 120 |PI562981|0.004224803264408807
121 122 123 124 |PI585461|0.037721642344391626
125 126 127 |PI569427|0.03907715739863223
128 129 130 131 |PI563196|0.0027809957916353515
132 133 134 135 |PI154844|0.0155629953679166
136 137 138 |PI535792|0.014347231155049503
139 140 141 |PI329569|0.021526827133230907
142 143 144 |PI152694|0.021393247201266744
145 146 147 |PI155149|0.010026337091574277
148 149 150 151 |PI563009|0.1069518558173078
152 153 154 155 |PI156487|0.05897423707817347
156 |PI535793|0.0
157 158 159 160 |PI329605|0.01863512668614762
161 162 163 |PI535785|0.0007552220885981032
164 165 166 |PI564163|0.0026435758249026445
167 168 169 |PI569453|0.001206979914756022
170 171 172 |PI619838|0.057281734331359
173 174 175 176 |PI534165|0.2534321718029817
177 178 179 180 |PI329351|0.005453057738672048
181 182 183 |PI329440|0.003319396728287035
184 185 186 187 |PI330167|0.030982765452184577
188 189 190 191 |PI255744|0.007934696377705852
192 193 194 195 |PI156203|0.05640304514184059
196 197 198 199 |PI35038|0.03916154035845047
200 201 202 |PI570031|0.0252635917799614
203 204 205 206 |PI569447|0.003869485556264687
207 208 209 |PI329673|0.0241427305684028
210 211 212 213 |PI569443|0.1191759802301546
214 215 216 217 |PI562730|0.03429155987974683
218 219 220 |PI569886|0.003661086932798581
221 222 223 |PI297155|0.004756411817669566
224 225 226 227 |PI197542|0.004188478820275305
228 229 230 231 |PI655983|0.05603652374306208
232 233 234 235 |PI329665|0.025942605728924137
236 237 238 |PI593916|0.011028776748726201
239 240 241 242 |PI569421|0.02721791446548469
243 244 245 246 |PI156393|0.02788397270490875
247 248 249 |PI329584|0.020510084208469215
250 251 252 |PI570109|0.11970640418518286
253 254 255 |PI656015|0.021123048157919506
256 257 258 |PI329333|0.004969392907757272
259 260 261 262 |PI196049|0.0183368872572433
263 264 265 266 |PI329570|0.02206473380203799
267 268 269 |PI569452|0.007875730590434884
270 271 272 |PI563332|0.0560427168766258
273 274 275 |PI570393|0.004188083825233055
276 277 278 |PI329465|0.03432246499544326
279 280 281 |PI330169|0.024644035609028354
282 283 |PI653616|0.002632697850303253
284 285 |PI329501|0.014991417048835257
286 287 288 289 |PI542718|0.02227888943098845
290 291 292 293 |PI569097|0.05662633851802603
294 295 296 |PI569422|0.034086146027612174
297 298 299 |PI156018|0.08531609672210667
300 301 302 303 |PI196586|0.021962181607565967
304 305 306 |PI643016|0.031095867612128302
307 308 309 310 |PI92270|0.022566500752734423
311 312 313 |PI329841|0.053313886933830296
314 315 316 |PI329843|0.11728905790061579
317 318 319 |PI452692|0.01086838804262353
320 321 322 323 |PI570073|0.001298675585808829
324 325 326 |PI642998|0.031261035857571194
327 328 329 |PI329617|0.038688610508164196
330 331 332 |PI562994|0.0019503156713585317
333 334 335 336 |PI570076|0.00578725819891922
337 338 339 340 |PI562985|0.04126852123792139
341 342 343 344 |PI152860|0.006998868373747389
345 346 347 |PI562991|0.01938693759719627
348 349 350 |PI330196|0.050486900547003354
351 352 353 |PI152728|0.02561235134973976
354 355 356 357 |PI563002|0.01922848551366366
358 359 360 |PI563329|0.05301958929696141
361 362 363 364 |PI563002|0.01922848551366366
365 366 367 |PI452692|0.01086838804262353
368 369 370 371 |PI562730|0.03429155987974683
372 373 374 |PI562981|0.004224803264408807
375 376 377 378 379 380 381 382 |PI505735|0.014349185437819179
383 384 385 |PI562991|0.01938693759719627
386 387 388 |PI562994|0.0019503156713585317
389 390 391 |PI521290|0.034295211927285255
392 393 394 395 |PI562971|0.02004973659969022
396 397 398 399 |PI167093|0.03434048100501105
400 401 402 403 |PI152727|0.006933155909957984
404 405 406 |PI513898|0.013388131526153257
407 408 409 |PI563332|0.0560427168766258
410 411 412 413 |PI154844|0.0155629953679166
414 415 416 |PI563329|0.05301958929696141
417 418 419 420 |PI534165|0.2534321718029817
421 422 423 424 |PI562985|0.04126852123792139
425 426 427 428 |PI562985|0.04126852123792139
429 430 431 |PI521290|0.034295211927285255
432 433 434 |PI52606|0.017716005119192964
435 436 |PI653616|0.002632697850303253
437 438 439 440 |PI330167|0.030982765452184577
441 442 443 444 |PI563009|0.1069518558173078
445 446 447 |PI330169|0.024644035609028354
448 449 450 451 |PI35038|0.03916154035845047
452 453 454 455 |PI35038|0.03916154035845047
456 457 458 |PI329841|0.053313886933830296
459 460 461 462 |PI329301|0.0750556898401924
463 464 465 466 |PI563348|0.024293262196295025
467 468 469 470 |PI167093|0.03434048100501105
471 472 473 |PI330169|0.024644035609028354
474 475 476 |PI330196|0.050486900547003354
477 478 479 |PI329440|0.003319396728287035
480 481 482 |PI329465|0.03432246499544326
483 484 485 486 |PI569097|0.05662633851802603
487 488 489 |PI329617|0.038688610508164196
490 491 492 493 |PI563196|0.0027809957916353515
494 495 496 497 |PI329570|0.02206473380203799
498 499 500 |PI329843|0.11728905790061579
501 502 503 504 |PI329665|0.025942605728924137
505 506 507 |PI329333|0.004969392907757272
508 509 510 |PI329510|0.031908256177004976
511 512 513 |PI329673|0.0241427305684028
514 515 516 517 |PI329605|0.01863512668614762
518 519 520 521 |PI585461|0.037721642344391626
522 523 524 |PI329569|0.021526827133230907
525 526 527 528 |PI534165|0.2534321718029817
529 530 531 532 |PI563002|0.01922848551366366
533 534 535 536 |PI330167|0.030982765452184577
537 538 539 |PI329584|0.020510084208469215
540 541 542 543 |PI329351|0.005453057738672048
544 545 |PI329501|0.014991417048835257
546 547 548 |PI564163|0.0026435758249026445
