2.120968565019380137e+00
2.476237290271070091e+00
2.318397279217510043e+00
2.538636561218449827e+00
2.514746924634379877e+00
2.152196582334210184e+00
3.087987162203610136e+00
3.001915351793929876e+00
2.574170219730790077e+00
2.999752381567359905e+00
3.089629617821710195e+00
3.251691743640699794e+00
2.100405011565889879e+00
2.188140698788859861e+00
2.393399695293100038e+00
3.000542529092289801e+00
3.162821203526189784e+00
3.132784625069310103e+00
3.145146663024259936e+00
3.028225468715660007e+00
2.985731765149080008e+00
2.948584106680599781e+00
1.912806392661289934e+00
2.001647191346040078e+00
2.290145954647810012e+00
1.945567053442389893e+00
2.978290104241020142e+00
2.543049360639530132e+00
2.939619078956699827e+00
3.261015309886170055e+00
3.247813750396209898e+00
3.117609317032099980e+00
2.904796663695360159e+00
3.383632277652679932e+00
3.402333615529479882e+00
2.791016583854359911e+00
2.773406088015140103e+00
2.874644140437999873e+00
3.430623224031910112e+00
3.421444327226640159e+00
3.083606522746459966e+00
3.196156833486159865e+00
3.181614951728959806e+00
2.604679556724299960e+00
2.983296946318330090e+00
2.165363050697370007e+00
3.027875336277280116e+00
2.752063820803349881e+00
2.878607956493830056e+00
2.791304593857040217e+00
3.018866863150909907e+00
3.248267603534650050e+00
3.180819503683939953e+00
2.878584981900469852e+00
3.236401208265660134e+00
3.028400429136639982e+00
3.073744004114780104e+00
3.050847444082259941e+00
2.935482073998850083e+00
2.891760401456669793e+00
2.621726593434409835e+00
2.969807160278170155e+00
2.929858107406220213e+00
3.040890982763340133e+00
2.896823728531960018e+00
2.701136066092530097e+00
2.759290033024300204e+00
2.363480355559600010e+00
3.019556595546160072e+00
2.802547970281219936e+00
2.120968565019380137e+00
2.476237290271070091e+00
2.318397279217510043e+00
2.791346725646159932e+00
3.020058662952279871e+00
2.675347498485510123e+00
3.361931717736259984e+00
3.004149341900060222e+00
2.964909877565260032e+00
2.224351745013419812e+00
2.338396724196260212e+00
2.235098990094940063e+00
2.942657767667240076e+00
3.101131616599030139e+00
2.818397465441349947e+00
2.862220853848650215e+00
3.119113961357430131e+00
2.818694256597510162e+00
3.185992363838019870e+00
3.361931717736259984e+00
3.004149341900060222e+00
2.964909877565260032e+00
2.937623193154789814e+00
3.009336145307389909e+00
2.634497422569349823e+00
2.823578551650240076e+00
2.775988880114539814e+00
2.519040038648340030e+00
2.953856298224990073e+00
2.795789674695880134e+00
2.965653170186230092e+00
2.551218149716960149e+00
3.036057710071600191e+00
2.862584527170190185e+00
2.100405011565889879e+00
2.188140698788859861e+00
2.393399695293100038e+00
2.532053338514359986e+00
3.147401132381880018e+00
3.130327334455019983e+00
3.206402164849269987e+00
2.831248910011929798e+00
2.515343893088379801e+00
2.955220981685839909e+00
2.692318044259280008e+00
2.689850279440749947e+00
2.580560060639419895e+00
2.737788791709680147e+00
3.000633607522559920e+00
2.844197496988409846e+00
2.948055797584849813e+00
2.614728525224289779e+00
3.085911065250070084e+00
2.765914312276790188e+00
2.605757425047610099e+00
2.717753693210720023e+00
3.042027869628229908e+00
2.568471607033239845e+00
2.913474758490319783e+00
2.818298489967030029e+00
2.872930899174459984e+00
2.774699404076919951e+00
3.161146305716839855e+00
3.316875754711679836e+00
3.058027231970910087e+00
2.984468803410239790e+00
2.185202065187890064e+00
2.448799041924130115e+00
2.205420915676339799e+00
2.878584981900469852e+00
3.236401208265660134e+00
3.028400429136639982e+00
3.088086452209049870e+00
2.806064599188240027e+00
3.138432177581279792e+00
2.509820582212280105e+00
2.557447046149360137e+00
2.742002014397940002e+00
2.165363050697370007e+00
3.027875336277280116e+00
2.752063820803349881e+00
2.878607956493830056e+00
2.496237545166740013e+00
2.958611657764880221e+00
2.801945382567939902e+00
3.161002442034340110e+00
1.999304572338350017e+00
2.891760401456669793e+00
2.621726593434409835e+00
2.969807160278170155e+00
2.929858107406220213e+00
2.986820981363639937e+00
2.990161192898479925e+00
2.930266250172349984e+00
2.224351745013419812e+00
2.338396724196260212e+00
2.235098990094940063e+00
2.938199389936519967e+00
2.873901597864460200e+00
2.857772599710750150e+00
3.181614951728959806e+00
2.604679556724299960e+00
2.983296946318330090e+00
3.339542862100779885e+00
2.203929937244629933e+00
2.163071882003820168e+00
2.165630062376179943e+00
3.145146663024259936e+00
3.028225468715660007e+00
2.985731765149080008e+00
2.948584106680599781e+00
2.816241299991780078e+00
2.952632639757370114e+00
2.853046890151799797e+00
2.791304593857040217e+00
3.018866863150909907e+00
3.248267603534650050e+00
3.180819503683939953e+00
2.925121207563280201e+00
3.148371257332239992e+00
2.952898945910519934e+00
2.955485705889339787e+00
3.081131187131890048e+00
2.808278509582769811e+00
3.469107418822039879e+00
3.201610122203160103e+00
2.769163080382380127e+00
2.788762113893060057e+00
2.387905689512499929e+00
2.379033431817970001e+00
2.523408261608940162e+00
2.906771272433520181e+00
2.773918029433620092e+00
2.622099992739689966e+00
2.731629050375940171e+00
2.595264683361360181e+00
2.731645163405359789e+00
3.090332134217169902e+00
2.712548691164629933e+00
2.861414918636000060e+00
2.825458575036389863e+00
2.718593022270430204e+00
3.097309380250630184e+00
2.149742414713399885e+00
2.815703901179960056e+00
2.860224176549079900e+00
2.392503499681749801e+00
2.617503579279070181e+00
3.073744004114780104e+00
3.050847444082259941e+00
2.935482073998850083e+00
2.543459606069370160e+00
2.375535592509499860e+00
2.443528960275060058e+00
2.215848976111450153e+00
2.335477960017439791e+00
2.243757141029929958e+00
2.155973344739900099e+00
2.759290033024300204e+00
2.363480355559600010e+00
3.019556595546160072e+00
2.802547970281219936e+00
3.156370429943530009e+00
2.941829335096690201e+00
3.287929313175200097e+00
2.890018397188109933e+00
2.349568902508679891e+00
2.567884690783710067e+00
2.340899983858709898e+00
2.465546424725970187e+00
2.791388853348390153e+00
2.654234315571399883e+00
2.908699432352220171e+00
3.161903800636109985e+00
3.229853274183899892e+00
2.890750666819520198e+00
3.344924498584890049e+00
2.791346725646159932e+00
3.020058662952279871e+00
2.675347498485510123e+00
3.075532363013329995e+00
2.278570701610520111e+00
2.926687069693679977e+00
2.120968565019380137e+00
2.476237290271070091e+00
2.318397279217510043e+00
3.000542529092289801e+00
3.162821203526189784e+00
3.132784625069310103e+00
3.040590473982519804e+00
2.852199319446279802e+00
2.931788296963380169e+00
3.213456659285459871e+00
3.430623224031910112e+00
3.421444327226640159e+00
3.083606522746459966e+00
3.196156833486159865e+00
3.108825387067100099e+00
2.944847720863239982e+00
2.903247390214020118e+00
2.767712297269000032e+00
2.837234798784419976e+00
3.301038681466760050e+00
3.261015309886170055e+00
3.247813750396209898e+00
3.117609317032099980e+00
2.612900359123790039e+00
3.018654737258259946e+00
2.991770817801049809e+00
3.159738591439579913e+00
2.776693921478159854e+00
2.997469390500159925e+00
2.951842444691429979e+00
2.849222800367289921e+00
2.461753566125460146e+00
2.706632450873290185e+00
1.912806392661289934e+00
2.001647191346040078e+00
2.290145954647810012e+00
1.945567053442389893e+00
2.953005422665440083e+00
2.941481617344490207e+00
2.587160734706190013e+00
3.259264091225159810e+00
2.824704941028239880e+00
3.209622234511550154e+00
2.811575005870590171e+00
2.965728369438730194e+00
3.179290331539129877e+00
2.481141527972900107e+00
2.636999120023829857e+00
2.987286314502310081e+00
2.628644322284610091e+00
2.677488326683330033e+00
3.055359215880289803e+00
3.330930965704089974e+00
2.905088564605290191e+00
2.281397021848759810e+00
2.355355723394710221e+00
2.290724480019219911e+00
1.968529644374839904e+00
2.871765523454980151e+00
2.858873915908859864e+00
3.355001091640660071e+00
2.343073634451799947e+00
2.523186984950350098e+00
3.142686612105550115e+00
2.999752381567359905e+00
3.089629617821710195e+00
3.251691743640699794e+00
2.863715332533700142e+00
2.802253628469160152e+00
2.867461595085260218e+00
2.902367371575139909e+00
2.538636561218449827e+00
2.514746924634379877e+00
2.152196582334210184e+00
2.978290104241020142e+00
2.543049360639530132e+00
2.939619078956699827e+00
2.791016583854359911e+00
2.773406088015140103e+00
2.874644140437999873e+00
2.860990455522209874e+00
2.870497543589419998e+00
3.047773143707920074e+00
2.889648999191670065e+00
3.146214885889889956e+00
3.009918084665899940e+00
3.026737494238750159e+00
2.607776603741689847e+00
3.251630921319950129e+00
3.190292469800299902e+00
3.377005565670040177e+00
3.387758108494209885e+00
3.040890982763340133e+00
2.896823728531960018e+00
2.701136066092530097e+00
3.087987162203610136e+00
3.001915351793929876e+00
2.574170219730790077e+00
3.188073107823500063e+00
2.879428500836440197e+00
3.243057901694539780e+00
2.985655462499610113e+00
2.624684225158290030e+00
2.677223582548270198e+00
2.796192596855919810e+00
2.904796663695360159e+00
3.383632277652679932e+00
3.402333615529479882e+00
2.985655462499610113e+00
2.624684225158290030e+00
2.677223582548270198e+00
2.796192596855919810e+00
2.999752381567359905e+00
3.089629617821710195e+00
3.251691743640699794e+00
2.815703901179960056e+00
2.860224176549079900e+00
2.392503499681749801e+00
2.617503579279070181e+00
3.000633607522559920e+00
2.844197496988409846e+00
2.948055797584849813e+00
3.134320573244059993e+00
3.227145973806900159e+00
3.150440195194490034e+00
3.112434064977899872e+00
3.031941410338729881e+00
2.862316273039540171e+00
2.898911581132659787e+00
3.132061072897839971e+00
3.040890982763340133e+00
2.896823728531960018e+00
2.701136066092530097e+00
2.791016583854359911e+00
2.773406088015140103e+00
2.874644140437999873e+00
2.831248910011929798e+00
2.515343893088379801e+00
2.955220981685839909e+00
2.937623193154789814e+00
3.009336145307389909e+00
2.634497422569349823e+00
2.823578551650240076e+00
2.965653170186230092e+00
2.551218149716960149e+00
3.036057710071600191e+00
2.862584527170190185e+00
3.011054227217239809e+00
2.902486984968839945e+00
3.134218558082209949e+00
2.982307422738510017e+00
2.942657767667240076e+00
3.101131616599030139e+00
2.818397465441349947e+00
2.767712297269000032e+00
2.837234798784419976e+00
3.301038681466760050e+00
3.161146305716839855e+00
3.316875754711679836e+00
3.058027231970910087e+00
2.984468803410239790e+00
2.904796663695360159e+00
3.383632277652679932e+00
3.402333615529479882e+00
3.339542862100779885e+00
2.203929937244629933e+00
2.163071882003820168e+00
2.165630062376179943e+00
3.146214885889889956e+00
3.009918084665899940e+00
3.026737494238750159e+00
2.607776603741689847e+00
3.146214885889889956e+00
3.009918084665899940e+00
3.026737494238750159e+00
2.607776603741689847e+00
2.831248910011929798e+00
2.515343893088379801e+00
2.955220981685839909e+00
2.606682257028750005e+00
2.281624151440199810e+00
2.422359993600069927e+00
2.951842444691429979e+00
2.849222800367289921e+00
2.791304593857040217e+00
3.018866863150909907e+00
3.248267603534650050e+00
3.180819503683939953e+00
2.165363050697370007e+00
3.027875336277280116e+00
2.752063820803349881e+00
2.878607956493830056e+00
3.159738591439579913e+00
2.776693921478159854e+00
2.997469390500159925e+00
2.769163080382380127e+00
2.788762113893060057e+00
2.387905689512499929e+00
2.379033431817970001e+00
2.769163080382380127e+00
2.788762113893060057e+00
2.387905689512499929e+00
2.379033431817970001e+00
2.871765523454980151e+00
2.858873915908859864e+00
3.355001091640660071e+00
2.532053338514359986e+00
3.147401132381880018e+00
3.130327334455019983e+00
3.206402164849269987e+00
2.775988880114539814e+00
2.519040038648340030e+00
2.953856298224990073e+00
2.795789674695880134e+00
2.965653170186230092e+00
2.551218149716960149e+00
3.036057710071600191e+00
2.862584527170190185e+00
3.159738591439579913e+00
2.776693921478159854e+00
2.997469390500159925e+00
3.087987162203610136e+00
3.001915351793929876e+00
2.574170219730790077e+00
2.816241299991780078e+00
2.952632639757370114e+00
2.853046890151799797e+00
2.612900359123790039e+00
3.018654737258259946e+00
2.991770817801049809e+00
2.953005422665440083e+00
2.941481617344490207e+00
2.587160734706190013e+00
3.259264091225159810e+00
2.978290104241020142e+00
2.543049360639530132e+00
2.939619078956699827e+00
2.913474758490319783e+00
2.818298489967030029e+00
2.872930899174459984e+00
2.774699404076919951e+00
3.430623224031910112e+00
3.421444327226640159e+00
3.083606522746459966e+00
3.196156833486159865e+00
2.343073634451799947e+00
2.523186984950350098e+00
3.142686612105550115e+00
3.156370429943530009e+00
2.941829335096690201e+00
3.287929313175200097e+00
2.890018397188109933e+00
3.000542529092289801e+00
3.162821203526189784e+00
3.132784625069310103e+00
3.361931717736259984e+00
3.004149341900060222e+00
2.964909877565260032e+00
3.090332134217169902e+00
2.712548691164629933e+00
2.861414918636000060e+00
2.891760401456669793e+00
2.621726593434409835e+00
2.969807160278170155e+00
2.929858107406220213e+00
2.614728525224289779e+00
3.085911065250070084e+00
2.765914312276790188e+00
2.605757425047610099e+00
2.878584981900469852e+00
3.236401208265660134e+00
3.028400429136639982e+00
3.339542862100779885e+00
2.203929937244629933e+00
2.163071882003820168e+00
2.165630062376179943e+00
2.985655462499610113e+00
2.624684225158290030e+00
2.677223582548270198e+00
2.796192596855919810e+00
2.791304593857040217e+00
3.018866863150909907e+00
3.248267603534650050e+00
3.180819503683939953e+00
2.791346725646159932e+00
3.020058662952279871e+00
2.675347498485510123e+00
3.145146663024259936e+00
3.028225468715660007e+00
2.985731765149080008e+00
2.948584106680599781e+00
2.461753566125460146e+00
2.706632450873290185e+00
2.224351745013419812e+00
2.338396724196260212e+00
2.235098990094940063e+00
