0.006780254438503996
0.0007473479809473009
0.03880798683450414
0.020137568508768088
0.0026472256013510206
0.00775203287895374
0.03196423411871003
0.0034688195345062563
0.008246456248093443
0.0013932599390343399
0.03880798683450417
0.0034688195345062563
0.015248541967838836
0.02561198282744968
0.0162339550801614
0.015248541967838836
0.0068906958924034025
0.006780254438503996
0.02334267728114051
0.00914652746272954
0.02013756850876809
0.0026472256013510206
0.040322080194145564
0.09560298341561575
0.02334267728114051
0.05058770926783679
0.014930597555370484
0.020137568508768088
0.015248541967838836
0.010937081712520233
0.00474520062470676
0.015107453145340176
0.0068906958924034025
0.023342677281140634
0.0034688195345062567
0.0034688195345062563
0.03196423411871003
0.017005513034773646
0.02013756850876809
0.007375715116099822
0.02013756850876809
0.03880798683450417
0.030090425447943225
0.0034688195345062567
0.0162339550801614
0.0034688195345062567
0.0028864779263290813
0.015248541967838836
0.015741730692237107
0.014480900413714977
0.015248541967838944
0.0005814623450510704
0.0034688195345062563
0.0
0.0020870112491603956
0.004083248193656573
0.02334267728114051
0.026509027747117525
0.006780254438503996
0.0020870112491603956
0.045915345362415344
0.0013932599390343399
0.019782877331222196
0.020137568508768224
0.012160622192655816
0.0
0.03196423411871003
0.009146350050912707
0.0
0.02561198282744968
0.035190277889311485
0.025056963491999578
0.0
0.00775203287895374
0.02067208767721009
0.03196423411871003
0.0020870112491603956
0.015248541967838836
0.020137568508768224
0.017005513034773535
0.008562575047155173
0.005185483540299069
0.0034688195345062563
0.0
0.020137568508768088
0.028707428823619985
0.0020870112491603956
0.0007473479809473009
0.0034688195345062563
0.008246456248093443
0.03880798683450414
0.02334267728114051
0.008246456248093443
0.02334267728114051
0.020137568508768088
0.09560298341561575
0.015741730692237107
0.03196423411871003
0.0034688195345062567
0.014930597555370484
0.008246456248093443
0.030090425447943225
0.03196423411871003
0.008246456248093443
0.0068906958924034025
0.008246456248093443
0.09560298341561575
0.03196423411871003
0.0034688195345062567
0.008632595283956768
0.0
0.019782877331222196
0.045915345362415344
0.015107453145340176
0.0
0.0034688195345062563
0.040322080194145564
0.015248541967838836
0.03880798683450414
0.03880798683450417
0.005185483540299069
0.02067208767721009
0.0034688195345062563
0.0013932599390343399
0.0
0.015248541967838944
0.028707428823619985
0.015248541967838836
0.0
0.020137568508768088
0.035190277889311485
0.0020870112491603956
0.02334267728114051
0.010937081712520233
0.03196423411871003
