9.298602373881438288e-01
8.837593379993816667e-01
5.604137457918622056e-01
5.017166594399683488e-01
8.814795298226130171e-01
3.890756251918214836e-01
6.607570776798560308e-01
5.187675002557620152e-01
5.927170834612143224e-01
7.253637530185607085e-01
5.187675002557623483e-01
5.604137457918619836e-01
4.600704139038682694e-01
7.001235150391876827e-01
6.514141698131082903e-01
4.600704139038683249e-01
7.194541640317498876e-01
9.298602373881438288e-01
6.414264286872937149e-01
9.107979199409896864e-01
4.013733275519746346e-01
8.814795298226130171e-01
6.191108321437560624e-01
4.336766652213269180e-01
6.414264286872937149e-01
4.600704139038686580e-01
6.672434220182509312e-01
5.017166594399683488e-01
4.600704139038683249e-01
5.510708379251143541e-01
7.476793495620982499e-01
8.480226814500920751e-01
7.194541640317498876e-01
9.424564243512759676e-01
5.187675002557620152e-01
5.604137457918619836e-01
6.607570776798560308e-01
9.647720208948137310e-01
4.013733275519746346e-01
8.157193437807399583e-01
4.013733275519746346e-01
5.187675002557623483e-01
7.224391115827253351e-01
5.187675002557620152e-01
6.514141698131082903e-01
5.187675002557620152e-01
8.907922846317908316e-01
4.600704139038682694e-01
7.347066608853083380e-01
8.691516744048897181e-01
6.191108321437560624e-01
9.201408278077375380e-01
5.604137457918619836e-01
8.450980400142570348e-01
6.666666666666666297e-01
9.160626756687336725e-01
6.414264286872937149e-01
4.923737515732206638e-01
9.298602373881438288e-01
6.666666666666666297e-01
7.253637530185602644e-01
7.253637530185607085e-01
8.811508921620644363e-01
6.778079184956499192e-01
8.521008335890959406e-01
8.450980400142570348e-01
6.607570776798560308e-01
9.595072651670673025e-01
3.010299956639809760e-01
7.001235150391876827e-01
5.663233347786730265e-01
8.900819510247094390e-01
4.771212547196619913e-01
3.890756251918214836e-01
7.781512503836435224e-01
6.607570776798560308e-01
6.666666666666666297e-01
4.600704139038683249e-01
5.774645866076559830e-01
7.834160061113877305e-01
9.105295883955814018e-01
6.930604153492082586e-01
5.604137457918619836e-01
6.020599913279619519e-01
5.017166594399683488e-01
5.340199971093205766e-01
6.666666666666666297e-01
8.837593379993816667e-01
5.187675002557620152e-01
5.927170834612143224e-01
5.604137457918622056e-01
6.414264286872937149e-01
5.927170834612143224e-01
6.414264286872937149e-01
5.017166594399683488e-01
4.336766652213269180e-01
7.347066608853083380e-01
6.607570776798560308e-01
5.187675002557620152e-01
6.672434220182509312e-01
5.927170834612143224e-01
7.224391115827253351e-01
6.607570776798560308e-01
5.927170834612143224e-01
7.194541640317498876e-01
5.927170834612143224e-01
4.336766652213269180e-01
6.607570776798560308e-01
5.187675002557620152e-01
8.744164301326335931e-01
8.450980400142570348e-01
8.811508921620644363e-01
7.253637530185602644e-01
8.480226814500920751e-01
4.771212547196619913e-01
5.604137457918619836e-01
6.191108321437560624e-01
4.600704139038682694e-01
5.604137457918622056e-01
5.187675002557623483e-01
6.930604153492082586e-01
7.781512503836435224e-01
5.187675002557620152e-01
7.253637530185607085e-01
6.020599913279619519e-01
6.191108321437560624e-01
5.340199971093205766e-01
4.600704139038683249e-01
3.010299956639809760e-01
5.017166594399683488e-01
5.663233347786730265e-01
6.666666666666666297e-01
6.414264286872937149e-01
5.510708379251143541e-01
6.607570776798560308e-01
