2.342738416555420145e+00
2.056981036668109830e+00
2.078746734273610119e+00
1.806315669808109980e+00
1.671635596602129903e+00
1.731105051215920065e+00
2.323705757617709811e+00
2.108497371348259986e+00
2.194625329483860021e+00
2.361368922743599885e+00
2.259187582942809858e+00
2.120968565019380137e+00
2.486146996806569920e+00
2.188394071261429819e+00
2.538636561218449827e+00
2.423032771538939922e+00
3.087987162203610136e+00
3.133708122514760053e+00
2.799161279815559844e+00
2.999752381567359905e+00
3.181454834729629866e+00
1.992244144046769971e+00
1.794766797940819947e+00
2.017492446477279877e+00
2.100405011565889879e+00
2.308863088365300076e+00
3.000542529092289801e+00
2.912811701203370074e+00
3.019166158720560045e+00
2.794090516694470061e+00
3.145146663024259936e+00
3.028225468715660007e+00
2.733229374417290192e+00
2.490716778256949926e+00
1.912806392661289934e+00
3.306377842377119958e+00
2.943929581677279916e+00
2.577215969734650169e+00
2.921374295418469824e+00
3.229287548178279899e+00
2.978290104241020142e+00
3.115853382426959861e+00
3.261015309886170055e+00
3.061716293159900015e+00
2.656596443982909950e+00
2.804589174829310139e+00
2.904796663695360159e+00
3.190967264158980132e+00
2.791016583854359911e+00
2.929965282015829953e+00
3.209820521697389850e+00
3.006722692201679870e+00
3.430623224031910112e+00
3.421444327226640159e+00
3.251660117096970115e+00
3.111544780551899869e+00
3.307247798705600150e+00
3.197751822066099869e+00
3.236413807576989932e+00
3.181614951728959806e+00
2.604679556724299960e+00
2.910149302250240044e+00
2.910533695094950080e+00
3.127444970483430176e+00
2.749543081091169849e+00
2.884302468708769940e+00
2.165363050697370007e+00
3.027875336277280116e+00
2.359000227374690173e+00
3.056210949954480061e+00
2.791304593857040217e+00
3.018866863150909907e+00
3.230709419925660075e+00
3.179589129694079919e+00
3.551003274532479992e+00
2.816519689651050040e+00
2.964476487513509895e+00
2.795302890975329912e+00
2.866647624474819800e+00
2.878584981900469852e+00
3.173599962699519939e+00
3.073744004114780104e+00
1.916822284595909975e+00
1.913283901760419958e+00
1.846275242412209971e+00
3.063806058433640178e+00
2.942256150419470195e+00
3.268142523191409854e+00
2.936378004243089812e+00
2.891760401456669793e+00
2.621726593434409835e+00
3.040890982763340133e+00
2.733229374417290192e+00
2.490716778256949926e+00
2.759290033024300204e+00
2.363480355559600010e+00
2.194625329483860021e+00
2.361368922743599885e+00
2.259187582942809858e+00
2.120968565019380137e+00
2.486146996806569920e+00
2.791346725646159932e+00
2.892027783014699871e+00
3.361931717736259984e+00
2.374069803726079897e+00
2.336379672186970069e+00
2.364569754969620075e+00
2.288025535388360066e+00
2.442652198342520009e+00
2.254813841034870148e+00
2.112537975609309893e+00
2.285917196728310063e+00
2.011232010319369934e+00
2.232106292614659981e+00
2.026001817357180101e+00
2.224351745013419812e+00
2.756286097781929900e+00
2.567273455317049979e+00
2.627795841028030210e+00
2.653714075441250042e+00
2.942657767667240076e+00
2.862220853848650215e+00
3.119113961357430131e+00
2.855167701365150190e+00
3.361931717736259984e+00
2.937623193154789814e+00
3.009336145307389909e+00
2.775988880114539814e+00
2.519040038648340030e+00
2.965653170186230092e+00
2.551218149716960149e+00
2.733229374417290192e+00
2.490716778256949926e+00
1.992244144046769971e+00
1.794766797940819947e+00
2.017492446477279877e+00
2.100405011565889879e+00
2.308863088365300076e+00
2.813947749121330055e+00
2.583357494902509988e+00
2.500401157055470058e+00
2.532053338514359986e+00
3.147401132381880018e+00
3.008706603445309824e+00
2.831248910011929798e+00
2.920092005847770178e+00
3.264087878428350020e+00
2.345138383110100033e+00
2.565363688231229844e+00
2.693674197402410098e+00
2.692318044259280008e+00
2.689850279440749947e+00
3.000633607522559920e+00
2.614728525224289779e+00
3.085911065250070084e+00
2.717753693210720023e+00
2.692150432813960048e+00
2.913474758490319783e+00
2.818298489967030029e+00
2.654609657359269903e+00
2.715334683792309800e+00
2.816400401647699780e+00
3.161146305716839855e+00
3.316875754711679836e+00
3.014533138995310058e+00
3.152009939688550144e+00
1.835183069849039894e+00
1.790425917391109900e+00
1.797821311364020014e+00
3.230144808789110034e+00
3.210254294081969828e+00
3.048802918016610075e+00
3.458131506485500051e+00
2.280031744138700134e+00
2.190471770573350074e+00
2.193708832395360186e+00
2.185202065187890064e+00
2.448799041924130115e+00
2.964476487513509895e+00
2.795302890975329912e+00
2.866647624474819800e+00
2.878584981900469852e+00
3.173599962699519939e+00
3.102824600572890112e+00
2.915336506977019848e+00
2.997482495276800218e+00
3.058274146685949990e+00
3.088086452209049870e+00
2.612783856719739894e+00
2.955018719942149819e+00
2.765422658093819930e+00
3.226099598569069915e+00
3.296777039587500013e+00
1.916822284595909975e+00
1.913283901760419958e+00
1.846275242412209971e+00
3.063806058433640178e+00
2.942256150419470195e+00
3.268142523191409854e+00
2.936378004243089812e+00
2.912811701203370074e+00
3.019166158720560045e+00
2.794090516694470061e+00
2.574598375421019991e+00
2.555154931063190027e+00
2.509820582212280105e+00
2.557447046149360137e+00
2.325618272810030085e+00
2.143701629424770161e+00
2.197721522226869784e+00
2.353531559077759905e+00
2.165363050697370007e+00
3.027875336277280116e+00
2.496237545166740013e+00
2.958611657764880221e+00
3.137929834522879879e+00
2.151247237462369899e+00
2.081779226767530133e+00
2.380970592816340048e+00
2.891760401456669793e+00
2.621726593434409835e+00
2.986820981363639937e+00
2.254813841034870148e+00
2.112537975609309893e+00
2.285917196728310063e+00
2.011232010319369934e+00
2.232106292614659981e+00
2.026001817357180101e+00
2.224351745013419812e+00
2.938199389936519967e+00
3.181614951728959806e+00
2.604679556724299960e+00
2.910149302250240044e+00
1.931101745632640032e+00
2.161787118745519987e+00
2.207068581514100014e+00
3.339542862100779885e+00
2.203929937244629933e+00
1.518513939877889962e+00
1.754195388189839999e+00
1.798374376681560083e+00
3.059968368625479940e+00
3.164540216407210060e+00
2.797343726162360156e+00
2.987840483936059943e+00
3.145146663024259936e+00
3.028225468715660007e+00
2.342738416555420145e+00
2.056981036668109830e+00
2.078746734273610119e+00
2.816241299991780078e+00
2.079506844824769995e+00
2.218377933291749926e+00
2.191311257590990103e+00
2.213252052196399866e+00
2.210666244309119843e+00
2.086217415693340183e+00
2.112169148001660002e+00
2.791304593857040217e+00
3.018866863150909907e+00
2.925121207563280201e+00
3.148371257332239992e+00
3.081131187131890048e+00
2.808278509582769811e+00
3.121635338555779793e+00
2.769163080382380127e+00
2.788762113893060057e+00
2.523408261608940162e+00
1.831997677235899902e+00
1.831549851995760037e+00
1.857633985150010103e+00
2.276691528845039780e+00
2.068185861746159926e+00
2.072360203963489855e+00
2.167966813395620029e+00
2.920822228294329914e+00
2.952642326479100188e+00
3.046651216970920117e+00
2.947154232589450196e+00
3.111544780551899869e+00
3.307247798705600150e+00
3.197751822066099869e+00
3.236413807576989932e+00
2.622099992739689966e+00
2.731629050375940171e+00
3.090332134217169902e+00
2.967772553220460185e+00
2.825458575036389863e+00
2.718593022270430204e+00
2.953904593413459789e+00
2.374069803726079897e+00
2.336379672186970069e+00
2.364569754969620075e+00
3.230709419925660075e+00
3.179589129694079919e+00
3.551003274532479992e+00
2.816519689651050040e+00
1.806315669808109980e+00
1.671635596602129903e+00
1.731105051215920065e+00
2.323705757617709811e+00
2.108497371348259986e+00
2.673481697073349928e+00
3.072029200827920192e+00
2.815703901179960056e+00
2.860224176549079900e+00
3.073744004114780104e+00
2.262118715431880034e+00
2.152532948434529914e+00
2.259020174070809794e+00
2.543459606069370160e+00
2.390617214336789864e+00
2.432616583903790097e+00
2.106700732362349893e+00
2.136879039875520192e+00
2.215848976111450153e+00
2.335477960017439791e+00
2.448118620292150105e+00
2.433945755538029942e+00
2.329662240489459801e+00
2.759290033024300204e+00
2.363480355559600010e+00
2.910533695094950080e+00
3.127444970483430176e+00
2.749543081091169849e+00
2.884302468708769940e+00
2.593618308129539862e+00
2.476860599826229858e+00
3.102971952048210191e+00
2.640928420866829995e+00
2.153326961490909852e+00
2.092896010921859951e+00
2.481915365108370075e+00
3.156370429943530009e+00
2.941829335096690201e+00
2.742709424167789845e+00
2.153265935075869830e+00
2.121789568859299813e+00
2.349568902508679891e+00
2.415991076232649970e+00
3.284584119870240126e+00
3.116072847355189968e+00
3.359886684347740182e+00
3.010270267525689825e+00
2.465546424725970187e+00
2.791388853348390153e+00
2.554682944147550039e+00
3.161903800636109985e+00
3.229853274183899892e+00
2.785208785253999952e+00
1.566555330883059982e+00
2.701153351101059918e+00
3.184631817679870025e+00
3.240906021875090026e+00
2.791346725646159932e+00
2.892027783014699871e+00
3.075532363013329995e+00
2.764049039678920128e+00
2.194625329483860021e+00
2.361368922743599885e+00
2.259187582942809858e+00
2.120968565019380137e+00
2.486146996806569920e+00
3.000542529092289801e+00
2.188394071261429819e+00
3.236421366988349924e+00
3.004862829229320020e+00
2.977316549228699927e+00
3.040590473982519804e+00
2.852199319446279802e+00
3.102440566519430121e+00
2.752655267293469876e+00
2.376175322717830163e+00
2.961909697053339841e+00
3.029050826280839992e+00
2.634154704380870182e+00
2.914284965166169972e+00
2.929965282015829953e+00
3.209820521697389850e+00
3.006722692201679870e+00
3.430623224031910112e+00
3.421444327226640159e+00
3.251660117096970115e+00
1.804888744622390018e+00
1.790285164033240006e+00
1.857091154673510047e+00
2.314625519201269910e+00
2.279575696126720175e+00
2.384102407948519797e+00
2.860122303338879846e+00
3.474915236032769972e+00
3.206828573504730162e+00
3.108825387067100099e+00
2.285557309007769877e+00
2.324673350189249810e+00
2.096666739975380001e+00
2.024936968037439833e+00
2.356274500903909885e+00
1.825750581348029922e+00
1.747644819328250110e+00
1.811239772753290067e+00
2.221857435419139826e+00
2.070665753453730051e+00
2.857362654723139883e+00
3.203557750397500126e+00
3.189122397221920036e+00
1.726890140741820012e+00
1.880927865267080001e+00
1.794069583981630078e+00
2.108023509346089952e+00
2.203739808633859987e+00
2.023581657664939915e+00
2.208172526667119939e+00
2.939259596701540023e+00
2.884523490927279887e+00
2.995314839126930195e+00
2.767712297269000032e+00
2.825997011647940038e+00
2.271121055704130143e+00
1.945025201242460033e+00
2.491991664182000132e+00
1.723044991643450041e+00
1.828079590556749956e+00
1.820529848523519956e+00
2.502358829319629940e+00
2.961876508429219790e+00
2.691523522168150162e+00
3.261015309886170055e+00
2.612900359123790039e+00
2.291124546612219870e+00
2.403583750366689920e+00
2.753299564341760153e+00
2.630580410698979854e+00
2.553701021549959815e+00
2.359000227374690173e+00
3.056210949954480061e+00
2.240249631518799855e+00
2.730483494552729873e+00
2.603966695368849837e+00
3.546915108655269933e+00
3.159738591439579913e+00
3.196670739196969979e+00
3.189085869420750008e+00
2.901567290028450152e+00
2.329235115569419978e+00
2.261310460100620201e+00
2.278890724928679834e+00
2.553458229380450195e+00
2.780749231103550212e+00
3.103752423302660102e+00
2.929209391954930020e+00
1.912806392661289934e+00
3.306377842377119958e+00
3.003055346315929963e+00
2.893317811616110014e+00
2.466259478935449945e+00
2.953005422665440083e+00
2.941481617344490207e+00
2.746501866839509809e+00
2.799244028843809851e+00
3.082404747249909871e+00
2.985129956792520023e+00
2.943929581677279916e+00
2.577215969734650169e+00
2.921374295418469824e+00
3.229287548178279899e+00
2.576525627065210156e+00
2.644546903381649994e+00
2.637439692703659855e+00
2.544378143957810146e+00
2.824704941028239880e+00
2.790017606911369796e+00
2.965728369438730194e+00
3.136371723492319852e+00
2.636999120023829857e+00
2.987286314502310081e+00
3.055359215880289803e+00
2.865613216555459974e+00
2.322839272686319845e+00
2.018742095762379840e+00
1.970486348847650060e+00
2.066996420449700000e+00
2.281397021848759810e+00
2.355355723394710221e+00
2.341038631677519799e+00
1.818423855092079933e+00
1.780029127337340089e+00
1.727622577969140094e+00
2.821847472659519962e+00
2.819162115021140114e+00
2.912503698452079792e+00
2.655301744947290210e+00
2.679800248947389996e+00
2.602125130614919790e+00
2.596300134602610221e+00
2.871765523454980151e+00
3.316909252164990107e+00
2.188394071261429819e+00
2.343073634451799947e+00
2.591676642141679920e+00
2.799161279815559844e+00
2.999752381567359905e+00
3.181454834729629866e+00
3.063194452592759909e+00
3.126128158973980220e+00
2.849812373825430178e+00
2.325104982971410106e+00
2.548684171483010186e+00
2.903149698378140187e+00
3.305144923008620061e+00
2.328929768947900047e+00
3.132627851029010202e+00
2.665083565708500135e+00
3.129422403000940101e+00
2.863715332533700142e+00
2.802253628469160152e+00
2.188394071261429819e+00
2.538636561218449827e+00
2.423032771538939922e+00
2.978290104241020142e+00
3.115853382426959861e+00
2.791016583854359911e+00
2.860990455522209874e+00
2.870497543589419998e+00
2.866500002672169867e+00
2.819964865530629972e+00
3.377688640733369940e+00
3.146214885889889956e+00
3.009918084665899940e+00
2.965695471367939984e+00
3.251630921319950129e+00
3.190292469800299902e+00
3.040890982763340133e+00
2.288025535388360066e+00
2.442652198342520009e+00
3.087987162203610136e+00
3.133708122514760053e+00
3.188073107823500063e+00
3.132029029448490043e+00
2.985655462499610113e+00
2.624684225158290030e+00
3.061716293159900015e+00
2.656596443982909950e+00
2.804589174829310139e+00
2.904796663695360159e+00
3.190967264158980132e+00
3.264087878428350020e+00
2.345138383110100033e+00
2.565363688231229844e+00
2.693674197402410098e+00
2.985655462499610113e+00
2.624684225158290030e+00
2.799161279815559844e+00
2.999752381567359905e+00
3.181454834729629866e+00
2.815703901179960056e+00
2.860224176549079900e+00
3.000633607522559920e+00
3.134320573244059993e+00
3.227145973806900159e+00
3.150440195194490034e+00
3.112434064977899872e+00
3.040890982763340133e+00
2.791016583854359911e+00
2.831248910011929798e+00
2.920092005847770178e+00
2.937623193154789814e+00
3.009336145307389909e+00
2.593618308129539862e+00
2.476860599826229858e+00
3.102971952048210191e+00
2.965653170186230092e+00
2.551218149716960149e+00
3.011054227217239809e+00
2.902486984968839945e+00
2.942657767667240076e+00
2.939259596701540023e+00
2.884523490927279887e+00
2.995314839126930195e+00
2.767712297269000032e+00
2.825997011647940038e+00
2.673481697073349928e+00
3.072029200827920192e+00
2.654609657359269903e+00
2.715334683792309800e+00
2.816400401647699780e+00
3.161146305716839855e+00
3.316875754711679836e+00
3.014533138995310058e+00
3.152009939688550144e+00
3.061716293159900015e+00
2.656596443982909950e+00
2.804589174829310139e+00
2.904796663695360159e+00
3.190967264158980132e+00
2.967772553220460185e+00
2.188394071261429819e+00
3.184631817679870025e+00
3.240906021875090026e+00
1.931101745632640032e+00
2.161787118745519987e+00
2.207068581514100014e+00
3.339542862100779885e+00
2.203929937244629933e+00
1.518513939877889962e+00
1.754195388189839999e+00
1.798374376681560083e+00
3.059968368625479940e+00
3.164540216407210060e+00
2.797343726162360156e+00
2.987840483936059943e+00
2.866500002672169867e+00
2.819964865530629972e+00
3.377688640733369940e+00
3.146214885889889956e+00
3.009918084665899940e+00
2.965695471367939984e+00
1.916822284595909975e+00
1.913283901760419958e+00
1.846275242412209971e+00
3.063806058433640178e+00
2.942256150419470195e+00
3.268142523191409854e+00
2.936378004243089812e+00
2.866500002672169867e+00
2.819964865530629972e+00
3.377688640733369940e+00
3.146214885889889956e+00
3.009918084665899940e+00
2.965695471367939984e+00
2.831248910011929798e+00
2.920092005847770178e+00
1.518513939877889962e+00
1.754195388189839999e+00
1.798374376681560083e+00
3.059968368625479940e+00
3.164540216407210060e+00
2.797343726162360156e+00
2.987840483936059943e+00
2.673481697073349928e+00
3.072029200827920192e+00
2.264321877763010082e+00
2.145382891974870088e+00
2.606682257028750005e+00
2.353242831433730142e+00
1.726890140741820012e+00
1.880927865267080001e+00
1.794069583981630078e+00
2.108023509346089952e+00
2.203739808633859987e+00
2.023581657664939915e+00
2.208172526667119939e+00
1.804888744622390018e+00
1.790285164033240006e+00
1.857091154673510047e+00
2.314625519201269910e+00
2.279575696126720175e+00
2.384102407948519797e+00
2.448118620292150105e+00
2.433945755538029942e+00
2.329662240489459801e+00
2.791304593857040217e+00
3.018866863150909907e+00
2.165363050697370007e+00
3.027875336277280116e+00
3.159738591439579913e+00
2.752655267293469876e+00
2.376175322717830163e+00
2.961909697053339841e+00
3.029050826280839992e+00
2.634154704380870182e+00
2.914284965166169972e+00
2.799244028843809851e+00
3.082404747249909871e+00
2.985129956792520023e+00
2.769163080382380127e+00
2.788762113893060057e+00
2.955018719942149819e+00
2.765422658093819930e+00
3.226099598569069915e+00
3.296777039587500013e+00
2.769163080382380127e+00
2.788762113893060057e+00
2.780749231103550212e+00
3.103752423302660102e+00
2.929209391954930020e+00
2.679800248947389996e+00
2.602125130614919790e+00
2.596300134602610221e+00
2.871765523454980151e+00
3.316909252164990107e+00
3.063194452592759909e+00
3.126128158973980220e+00
2.849812373825430178e+00
2.813947749121330055e+00
2.583357494902509988e+00
2.500401157055470058e+00
2.532053338514359986e+00
3.147401132381880018e+00
3.008706603445309824e+00
2.775988880114539814e+00
2.519040038648340030e+00
3.196670739196969979e+00
3.189085869420750008e+00
2.901567290028450152e+00
2.857362654723139883e+00
3.203557750397500126e+00
3.189122397221920036e+00
2.910533695094950080e+00
3.127444970483430176e+00
2.749543081091169849e+00
2.884302468708769940e+00
2.965653170186230092e+00
2.551218149716960149e+00
3.159738591439579913e+00
2.912811701203370074e+00
3.019166158720560045e+00
2.794090516694470061e+00
3.087987162203610136e+00
3.133708122514760053e+00
2.816241299991780078e+00
1.825750581348029922e+00
1.747644819328250110e+00
1.811239772753290067e+00
2.221857435419139826e+00
2.070665753453730051e+00
3.111544780551899869e+00
3.307247798705600150e+00
3.197751822066099869e+00
3.236413807576989932e+00
2.612900359123790039e+00
1.818423855092079933e+00
1.780029127337340089e+00
1.727622577969140094e+00
2.821847472659519962e+00
2.819162115021140114e+00
2.912503698452079792e+00
2.655301744947290210e+00
3.003055346315929963e+00
2.893317811616110014e+00
2.466259478935449945e+00
2.953005422665440083e+00
2.941481617344490207e+00
2.746501866839509809e+00
2.978290104241020142e+00
3.115853382426959861e+00
2.913474758490319783e+00
2.818298489967030029e+00
2.929965282015829953e+00
3.209820521697389850e+00
3.006722692201679870e+00
3.430623224031910112e+00
3.421444327226640159e+00
3.251660117096970115e+00
2.343073634451799947e+00
2.591676642141679920e+00
3.156370429943530009e+00
2.941829335096690201e+00
2.742709424167789845e+00
3.000542529092289801e+00
3.361931717736259984e+00
3.090332134217169902e+00
2.325104982971410106e+00
2.548684171483010186e+00
2.903149698378140187e+00
3.305144923008620061e+00
2.891760401456669793e+00
2.621726593434409835e+00
2.614728525224289779e+00
3.085911065250070084e+00
2.964476487513509895e+00
2.795302890975329912e+00
2.866647624474819800e+00
2.878584981900469852e+00
3.173599962699519939e+00
1.723044991643450041e+00
1.828079590556749956e+00
1.820529848523519956e+00
2.502358829319629940e+00
2.961876508429219790e+00
2.691523522168150162e+00
1.835183069849039894e+00
1.790425917391109900e+00
1.797821311364020014e+00
3.230144808789110034e+00
3.210254294081969828e+00
3.048802918016610075e+00
3.458131506485500051e+00
1.931101745632640032e+00
2.161787118745519987e+00
2.207068581514100014e+00
3.339542862100779885e+00
2.203929937244629933e+00
2.240249631518799855e+00
2.730483494552729873e+00
2.603966695368849837e+00
3.546915108655269933e+00
2.328929768947900047e+00
3.132627851029010202e+00
2.665083565708500135e+00
3.129422403000940101e+00
2.985655462499610113e+00
2.624684225158290030e+00
2.791304593857040217e+00
3.018866863150909907e+00
2.791346725646159932e+00
2.892027783014699871e+00
3.102824600572890112e+00
2.915336506977019848e+00
2.997482495276800218e+00
3.058274146685949990e+00
2.943929581677279916e+00
2.577215969734650169e+00
2.921374295418469824e+00
3.229287548178279899e+00
3.145146663024259936e+00
3.028225468715660007e+00
2.291124546612219870e+00
2.403583750366689920e+00
2.254813841034870148e+00
2.112537975609309893e+00
2.285917196728310063e+00
2.011232010319369934e+00
2.232106292614659981e+00
2.026001817357180101e+00
2.224351745013419812e+00
