0 1 2 |PI655981|0.01686918156292164
3 4 5 6 7 |PI655978|0.06169188696695479
8 9 10 11 12 |PI656015|0.016406207895951493
13 |PI253986|0.0
14 15 |PI642998|0.00334105904706609
16 17 |PI330196|0.0005226015529434365
18 19 20 |PI452692|0.024377881524002776
21 22 23 24 25 |PI533998|0.027764946012935256
26 |PI329333|0.0
27 28 29 |PI329299|0.008451670546492073
30 31 |PI329351|0.003417641419637345
32 33 |PI226096|0.014703089824107072
34 35 |PI542718|0.48551034636577006
36 37 38 39 |PI329403|0.05342935318402474
40 41 |PI329617|0.00473091387631556
42 |PI570393|0.0
43 44 45 46 47 |PI563329|0.03527386332026393
48 |PI562994|0.0
49 50 51 52 53 54 |PI329570|0.03580735441028936
55 56 57 58 |PI329710|0.004989073222148845
59 60 61 |PI619838|0.055539979365307614
62 63 64 65 |PI329702|0.018359047697015355
66 67 |PI563009|0.1859818606940701
68 69 |PI156268|0.12152569792005818
70 71 |PI330167|0.012946146601543917
72 73 74 75 |PI570145|0.06787428698604286
76 77 78 79 80 |PI329569|0.017033236012052404
81 |PI569886|0.0
82 83 84 85 86 87 88 |PI563330|0.3406047071002733
89 90 |PI329605|0.018229564368750686
91 |PI562991|0.0
92 93 |PI226096|0.014703089824107072
94 95 |PI655983|0.0391663251936775
96 97 98 99 100 |PI656015|0.016406207895951493
101 102 |PI329584|0.0025341688282118076
103 |PI329510|0.0
104 105 106 |PI656065|0.00025616418990035284
107 108 |PI576401|0.005977351224084845
109 110 111 112 113 114 115 |PI564163|0.01091735708376306
116 117 118 119 |PI251672|0.0046602024821250036
120 |PI513898|0.0
121 122 123 |PI569423|0.015079049312153923
124 |PI329510|0.0
125 126 |PI562971|0.0012856868766102777
127 128 |PI563348|0.016505676782705567
129 130 |PI167093|0.042939096547841046
131 132 |PI226096|0.014703089824107072
133 134 135 136 137 |PI533998|0.027764946012935256
138 139 140 141 142 143 |PI329301|0.06088121081726442
144 145 |PI521290|0.0019732739194240796
146 147 148 149 |PI585577|0.11528096387735728
150 151 |PI569460|1.5224657998936756e-06
152 |PI562981|0.0
153 154 |PI585461|0.05550324650628651
155 156 |PI569427|0.00016388173573607444
157 158 |PI563196|0.002264630522504339
159 160 161 162 163 164 165 |PI154844|0.05423567968372812
166 167 168 169 170 171 172 |PI330181|0.5124266500881883
173 174 175 176 177 |PI535792|0.010173827059458107
178 179 180 181 182 |PI329569|0.017033236012052404
183 184 185 186 |PI330185|0.0049442652781448646
187 188 |PI152694|0.05647813931971866
189 190 191 192 |PI330168|0.04536164258496463
193 194 195 196 197 198 199 |PI563330|0.3406047071002733
200 201 202 |PI329299|0.008451670546492073
203 204 205 206 |PI155149|0.0005748196976080891
207 208 209 210 |PI550604|0.007590869455034992
211 212 |PI563009|0.1859818606940701
213 214 215 |PI156487|0.07307931363731719
216 217 218 |PI535793|0.01634601089145975
219 220 |PI329605|0.018229564368750686
221 |PI535785|0.0
222 223 224 225 226 227 228 |PI564163|0.01091735708376306
229 |PI569453|0.0
230 231 232 |PI619838|0.055539979365307614
233 234 235 236 237 |PI534165|0.2460229847190905
238 239 240 241 242 243 244 |PI562970|0.4383272738138089
245 246 |PI329351|0.003417641419637345
247 248 249 |PI655981|0.01686918156292164
250 |PI329440|0.0
251 252 253 254 255 256 257 |PI526905|0.0034273880356965043
258 259 |PI330167|0.012946146601543917
260 261 |PI255744|0.012460146180460756
262 263 264 |PI156203|0.019364630243590423
265 266 |PI35038|9.603052863818873e-05
267 |PI570031|0.0
268 269 270 271 272 273 274 |PI181899|0.02712968947577655
275 276 277 278 |PI569446|0.0022691417535694496
279 280 281 282 |PI329710|0.004989073222148845
283 284 |PI569447|0.002999153616671255
285 |PI329673|0.0
286 |PI455217|0.0
287 288 289 |PI569443|0.009254462390966419
290 291 292 |PI656065|0.00025616418990035284
293 294 295 296 |PI570145|0.06787428698604286
297 298 299 300 301 |PI655978|0.06169188696695479
302 303 |PI562732|0.0397100281872498
304 305 |PI562730|0.0004955137297355648
306 |PI569886|0.0
307 308 309 310 311 312 |PI297155|0.016717140864271802
313 314 315 316 |PI197542|0.007821997809527765
317 318 319 |PI533902|0.0027897595024647948
320 321 |PI655983|0.0391663251936775
322 323 324 325 |PI329702|0.018359047697015355
326 327 328 |PI452544|0.07389876915585612
329 330 331 332 |PI561840|0.05164613463421882
333 334 335 |PI329665|0.028532449778423428
336 337 338 339 |PI593916|0.0157124983368563
340 341 342 343 |PI152963|0.01888660166804591
344 345 346 |PI569421|0.018905366092860764
347 348 349 |PI156393|0.03824722078943132
350 351 |PI157804|0.32182816687065124
352 353 |PI452542|0.0007916965144513291
354 355 |PI329584|0.0025341688282118076
356 357 |PI570109|0.02425546517886213
358 359 360 361 362 |PI656015|0.016406207895951493
363 |PI329333|0.0
364 |PI253986|0.0
365 366 367 368 369 370 |PI196049|0.013799887104837516
371 372 373 374 375 376 |PI569148|0.04970329545345626
377 378 379 380 381 382 |PI329570|0.03580735441028936
383 384 385 386 387 388 |PI576399|0.06604331119119726
389 390 391 392 393 |PI569452|0.16186935819355602
394 395 396 397 |PI181083|0.020322091013487427
398 399 400 401 402 |PI329435|0.03260908925166865
403 404 405 |PI329614|0.025569327825904455
406 407 408 409 410 411 412 |PI533792|0.03254565540034249
413 414 415 416 417 |PI563332|0.006464343954542225
418 419 420 |PI540518|0.05047718261856251
421 422 423 424 425 426 |PI330182|0.2342356563798006
427 |PI570393|0.0
428 |PI329465|0.0
429 430 |PI213900|0.003161768127272353
431 432 433 |PI181080|0.0067566677145929925
434 435 |PI156268|0.12152569792005818
436 437 438 439 |PI329310|0.2282320502026463
440 |PI330169|0.0
441 442 443 |PI329865|0.01886783438404951
444 445 446 447 |PI535794|0.013654438785258452
448 449 450 |PI329394|0.017426305702543044
451 452 |PI542718|0.48551034636577006
453 454 455 456 457 458 |PI569097|0.03345031530859368
459 460 461 |PI337689|0.013799550612904539
462 463 464 465 |PI329403|0.05342935318402474
466 467 468 469 |PI300119|0.0017572264223482492
470 471 |PI569422|0.0003008027870338448
472 473 |PI156018|0.007279788570664688
474 475 |PI196586|0.030675279653901155
476 477 |PI643016|0.00900088606494458
478 |PI527045|0.0
479 480 481 482 483 484 |PI92270|0.024880316613699605
485 486 487 488 489 490 491 |PI329519|0.26373383647658716
492 493 494 495 496 |PI329841|0.07330928296521258
497 |PI253986|0.0
498 499 |PI329843|0.015450863858113631
500 501 502 |PI452692|0.024377881524002776
503 504 505 |PI329300|0.013982552895578248
506 507 508 509 |PI329256|0.13775502934967088
510 511 512 513 |PI329511|0.11462105805260114
514 515 |PI570073|0.0009443852666292729
516 |PI253986|0.0
517 518 |PI642998|0.00334105904706609
519 520 |PI329617|0.00473091387631556
521 |PI562994|0.0
522 523 |PI570076|2.259618087942228e-05
524 525 526 527 528 529 |PI562985|0.03496211486754128
530 531 |PI152860|0.0009406014087071203
532 |PI562991|0.0
533 534 |PI576401|0.005977351224084845
535 536 |PI330196|0.0005226015529434365
537 538 |PI152728|0.0007852346802260664
539 540 |PI563002|0.03257505854693091
541 542 543 544 545 |PI563329|0.03527386332026393
546 547 548 549 |PI585577|0.11528096387735728
550 551 |PI563002|0.03257505854693091
552 553 554 |PI452692|0.024377881524002776
555 556 |PI562730|0.0004955137297355648
557 |PI562981|0.0
558 559 560 561 |PI505735|0.00186515505495816
562 |PI562991|0.0
563 |PI562994|0.0
564 565 |PI521290|0.0019732739194240796
566 567 |PI562971|0.0012856868766102777
568 569 570 |PI452544|0.07389876915585612
571 572 |PI167093|0.042939096547841046
573 574 |PI152727|0.002946711522355685
575 |PI513898|0.0
576 577 578 579 580 |PI563332|0.006464343954542225
581 582 |PI562732|0.0397100281872498
583 584 585 586 587 588 589 |PI154844|0.05423567968372812
590 591 592 593 594 |PI563329|0.03527386332026393
595 |PI455217|0.0
596 |PI253986|0.0
597 598 |PI452542|0.0007916965144513291
599 600 601 602 603 |PI534165|0.2460229847190905
604 605 606 607 608 609 610 |PI562970|0.4383272738138089
611 612 613 614 615 616 |PI562985|0.03496211486754128
617 618 619 620 621 622 623 |PI563330|0.3406047071002733
624 625 626 627 628 629 |PI562985|0.03496211486754128
630 631 |PI521290|0.0019732739194240796
632 633 634 635 636 637 638 |PI562970|0.4383272738138089
639 640 |PI562732|0.0397100281872498
641 642 643 644 |PI52606|0.02871865304436815
645 646 647 648 649 650 651 |PI533792|0.03254565540034249
652 653 654 655 656 657 |PI576399|0.06604331119119726
658 659 660 |PI533902|0.0027897595024647948
661 662 |PI330167|0.012946146601543917
663 664 |PI563009|0.1859818606940701
665 |PI330169|0.0
666 667 668 669 670 671 |PI569148|0.04970329545345626
672 673 674 |PI337689|0.013799550612904539
675 676 |PI35038|9.603052863818873e-05
677 678 679 680 |PI330168|0.04536164258496463
681 682 |PI35038|9.603052863818873e-05
683 684 685 |PI329394|0.017426305702543044
686 687 688 689 690 |PI329841|0.07330928296521258
691 692 693 |PI329300|0.013982552895578248
694 695 696 697 698 699 |PI329301|0.06088121081726442
700 701 |PI563348|0.016505676782705567
702 703 704 |PI329865|0.01886783438404951
705 706 707 |PI329614|0.025569327825904455
708 709 710 711 |PI329702|0.018359047697015355
712 713 |PI167093|0.042939096547841046
714 |PI330169|0.0
715 716 717 |PI329299|0.008451670546492073
718 719 |PI330196|0.0005226015529434365
720 |PI329440|0.0
721 722 723 724 725 |PI329435|0.03260908925166865
726 727 728 729 |PI329710|0.004989073222148845
730 |PI329465|0.0
731 732 733 734 735 736 737 |PI329519|0.26373383647658716
738 739 740 741 742 743 |PI569097|0.03345031530859368
744 745 |PI329617|0.00473091387631556
746 747 |PI563196|0.002264630522504339
748 749 750 751 752 753 |PI329570|0.03580735441028936
754 755 |PI329843|0.015450863858113631
756 757 758 |PI329665|0.028532449778423428
759 |PI329333|0.0
760 |PI329510|0.0
761 |PI329673|0.0
762 763 764 765 |PI329256|0.13775502934967088
766 767 |PI329605|0.018229564368750686
768 769 |PI585461|0.05550324650628651
770 771 772 773 774 |PI329569|0.017033236012052404
775 776 777 778 779 780 |PI330182|0.2342356563798006
781 782 783 784 785 786 787 |PI330181|0.5124266500881883
788 789 790 791 792 |PI534165|0.2460229847190905
793 794 795 796 |PI329310|0.2282320502026463
797 798 799 800 |PI329511|0.11462105805260114
801 802 |PI563002|0.03257505854693091
803 804 |PI330167|0.012946146601543917
805 806 |PI329584|0.0025341688282118076
807 808 809 810 |PI330185|0.0049442652781448646
811 812 813 814 |PI329403|0.05342935318402474
815 816 |PI329351|0.003417641419637345
817 818 |PI213900|0.003161768127272353
819 820 821 822 823 824 825 |PI564163|0.01091735708376306
