2.342738416555420145e+00
2.056981036668109830e+00
2.078746734273610119e+00
2.029058950084499990e+00
2.167524092420209936e+00
2.311902131419489859e+00
2.045009860905819821e+00
2.185966892767840175e+00
2.254789687397209974e+00
1.806315669808109980e+00
1.671635596602129903e+00
1.731105051215920065e+00
2.323705757617709811e+00
2.108497371348259986e+00
1.671080232738850091e+00
1.799409479615130092e+00
1.726156466172749981e+00
2.243930536804279896e+00
2.033544376090949957e+00
2.353608520708640128e+00
1.741939077729200092e+00
1.731910942116869911e+00
2.424783664419820184e+00
2.735415243718830158e+00
2.194625329483860021e+00
2.361368922743599885e+00
2.259187582942809858e+00
2.265760916717610041e+00
2.404542949770080096e+00
2.591431931588089821e+00
2.594955773263409871e+00
2.673960400552770178e+00
2.555988730321829827e+00
2.188394071261429819e+00
2.261524556472669811e+00
2.184549481320699815e+00
2.389874558390990167e+00
2.269933025967810103e+00
2.799161279815559844e+00
2.923560036840420207e+00
2.999769762906370207e+00
3.211851762284319900e+00
2.760769177403540109e+00
1.992244144046769971e+00
1.794766797940819947e+00
2.017492446477279877e+00
2.303455260341880084e+00
2.142201690163509920e+00
2.071808391833129814e+00
2.912811701203370074e+00
3.019166158720560045e+00
2.794090516694470061e+00
2.733229374417290192e+00
2.490716778256949926e+00
1.915188705173159978e+00
2.472902651803659868e+00
2.574390136187560074e+00
2.754378918752609984e+00
2.529353344971999817e+00
2.936553953069350076e+00
1.884512159190389946e+00
1.843357378437959992e+00
1.764101376476230110e+00
2.943929581677279916e+00
2.577215969734650169e+00
2.921374295418469824e+00
2.957142578050710124e+00
2.919689859537589971e+00
3.130494588523470068e+00
3.231296245836329906e+00
3.536769226232769903e+00
3.021110705338330149e+00
3.061716293159900015e+00
2.656596443982909950e+00
2.804589174829310139e+00
3.332856393443849985e+00
3.235987748109089956e+00
3.049965761053739843e+00
3.208924831080259832e+00
3.074264082238889806e+00
2.929965282015829953e+00
3.209820521697389850e+00
3.006722692201679870e+00
3.114487549673969902e+00
3.452646499256080137e+00
3.359395275386019897e+00
3.098093155281369970e+00
3.128373417086390162e+00
3.111544780551899869e+00
3.307247798705600150e+00
3.197751822066099869e+00
2.733413956897980057e+00
2.897517129400529967e+00
2.895505418758269833e+00
2.966080692468379798e+00
2.890057557340569794e+00
2.910533695094950080e+00
3.127444970483430176e+00
2.749543081091169849e+00
2.677780270971379828e+00
2.917794243013419830e+00
2.850370502371640136e+00
3.078580056095340023e+00
3.071793667241020209e+00
2.819320150434930117e+00
2.359000227374690173e+00
2.873506605129730218e+00
2.826644845059489874e+00
2.654176541877959927e+00
3.109649405025050051e+00
3.228931351676879835e+00
3.036069700697700213e+00
3.230709419925660075e+00
3.179589129694079919e+00
3.551003274532479992e+00
2.771925378944199991e+00
2.760279202930230102e+00
2.948227079265000050e+00
2.827408047615870057e+00
3.010363569336540035e+00
2.721513842084020141e+00
2.964476487513509895e+00
2.795302890975329912e+00
2.866647624474819800e+00
3.123397516906130100e+00
2.909705760144880138e+00
2.832496139151269965e+00
3.158157360152160198e+00
3.078228372735940077e+00
2.733229374417290192e+00
2.490716778256949926e+00
1.915188705173159978e+00
2.472902651803659868e+00
2.574390136187560074e+00
2.754378918752609984e+00
2.529353344971999817e+00
2.936553953069350076e+00
2.194625329483860021e+00
2.361368922743599885e+00
2.259187582942809858e+00
2.265760916717610041e+00
2.404542949770080096e+00
2.591431931588089821e+00
2.594955773263409871e+00
2.673960400552770178e+00
2.555988730321829827e+00
2.374069803726079897e+00
2.336379672186970069e+00
2.364569754969620075e+00
2.568753045346470198e+00
2.729432090213229856e+00
2.591932328557729814e+00
2.609306206714760101e+00
2.382701282954910127e+00
2.451110681897469945e+00
2.288025535388360066e+00
2.442652198342520009e+00
2.365450544097570162e+00
2.308692442201259798e+00
2.326929537043509910e+00
2.292787535198329785e+00
2.371548092683850140e+00
2.501921514596220142e+00
2.254813841034870148e+00
2.112537975609309893e+00
2.285917196728310063e+00
2.011232010319369934e+00
2.232106292614659981e+00
2.026001817357180101e+00
2.226831810658719935e+00
2.456624103507059953e+00
2.295677034017470142e+00
2.239899817176969954e+00
2.570636326503460189e+00
2.394696777891879957e+00
2.756286097781929900e+00
2.567273455317049979e+00
2.627795841028030210e+00
2.049295568332719863e+00
2.388900108354239826e+00
2.559439776827700186e+00
2.872045498955650089e+00
3.235970091657359937e+00
2.841309404804690075e+00
2.733229374417290192e+00
2.490716778256949926e+00
1.915188705173159978e+00
2.472902651803659868e+00
2.574390136187560074e+00
2.754378918752609984e+00
2.529353344971999817e+00
2.936553953069350076e+00
1.992244144046769971e+00
1.794766797940819947e+00
2.017492446477279877e+00
2.303455260341880084e+00
2.142201690163509920e+00
2.071808391833129814e+00
2.813947749121330055e+00
2.583357494902509988e+00
2.500401157055470058e+00
2.720167575603019916e+00
2.793175513708269886e+00
2.711309402572859906e+00
2.986843364561949876e+00
2.892261606915540018e+00
2.932767929982289967e+00
3.264087878428350020e+00
2.345138383110100033e+00
2.565363688231229844e+00
2.960128153889499902e+00
3.019689430165350075e+00
3.200064885460680131e+00
2.873698337647910162e+00
2.918701191495459923e+00
3.038548634553190020e+00
2.654609657359269903e+00
2.715334683792309800e+00
2.816400401647699780e+00
3.200001865406600032e+00
3.220787776165880079e+00
3.301841367948270101e+00
2.503708989891709980e+00
2.774823418392259988e+00
2.404406050921270133e+00
2.280031744138700134e+00
2.190471770573350074e+00
2.193708832395360186e+00
2.216851783284380151e+00
1.981863890991349963e+00
2.218062617826369820e+00
2.123884293460009953e+00
2.252197455364879808e+00
2.964476487513509895e+00
2.795302890975329912e+00
2.866647624474819800e+00
3.123397516906130100e+00
2.909705760144880138e+00
2.832496139151269965e+00
3.158157360152160198e+00
3.078228372735940077e+00
3.102824600572890112e+00
2.915336506977019848e+00
2.997482495276800218e+00
3.212589740049430098e+00
3.224942044261790208e+00
2.897313626476639925e+00
3.368482134027570130e+00
2.380681472737829818e+00
2.561685617689950067e+00
2.955018719942149819e+00
2.765422658093819930e+00
3.226099598569069915e+00
3.201397124320449983e+00
3.213862930386819805e+00
2.804561930962420124e+00
3.291998963838069781e+00
3.266311678557360043e+00
2.912811701203370074e+00
3.019166158720560045e+00
2.794090516694470061e+00
2.574598375421019991e+00
2.555154931063190027e+00
2.584466920191760053e+00
2.756803404891329912e+00
2.767771607872810069e+00
2.797931980787290218e+00
2.549113661843839918e+00
2.507424060094849860e+00
2.325618272810030085e+00
2.143701629424770161e+00
2.197721522226869784e+00
2.275886960301229944e+00
2.201833930474350165e+00
1.874249822778399910e+00
1.295567099962479984e+00
2.131329894042810036e+00
2.280601131536910131e+00
2.151247237462369899e+00
2.081779226767530133e+00
2.380970592816340048e+00
2.090328606823419921e+00
2.193820026016109814e+00
2.340662198855610221e+00
2.028855809390440079e+00
2.242317763715199863e+00
2.216640858325450214e+00
2.254813841034870148e+00
2.112537975609309893e+00
2.285917196728310063e+00
2.011232010319369934e+00
2.232106292614659981e+00
2.026001817357180101e+00
2.226831810658719935e+00
2.456624103507059953e+00
2.295677034017470142e+00
2.239899817176969954e+00
2.570636326503460189e+00
2.394696777891879957e+00
1.931101745632640032e+00
2.161787118745519987e+00
2.207068581514100014e+00
2.194764024110889888e+00
1.970625776688289976e+00
2.301247088636209970e+00
1.921322243583819978e+00
1.898450919198370057e+00
2.207661291196779896e+00
2.342738416555420145e+00
2.056981036668109830e+00
2.078746734273610119e+00
2.029058950084499990e+00
2.167524092420209936e+00
2.311902131419489859e+00
2.045009860905819821e+00
2.185966892767840175e+00
2.254789687397209974e+00
2.079506844824769995e+00
2.218377933291749926e+00
2.191311257590990103e+00
2.213252052196399866e+00
2.210666244309119843e+00
2.086217415693340183e+00
3.000208411336589887e+00
2.494335512363860197e+00
2.416407489943099840e+00
2.324323618700590011e+00
2.319564066092159926e+00
2.323107655185519871e+00
1.831997677235899902e+00
1.831549851995760037e+00
1.857633985150010103e+00
2.276691528845039780e+00
2.068185861746159926e+00
2.072360203963489855e+00
1.885926339801430096e+00
1.605951157564869947e+00
1.874075745223030109e+00
2.245611359890910208e+00
2.303541626948890197e+00
1.849357981661299943e+00
1.802773725291979989e+00
1.578295305120829939e+00
1.945714714059860073e+00
1.987085029624120036e+00
2.316368790408990019e+00
2.920822228294329914e+00
2.952642326479100188e+00
3.046651216970920117e+00
1.956840490159230006e+00
2.000520840936189870e+00
2.026083620800990026e+00
3.111544780551899869e+00
3.307247798705600150e+00
3.197751822066099869e+00
2.733413956897980057e+00
2.897517129400529967e+00
2.895505418758269833e+00
2.966080692468379798e+00
2.890057557340569794e+00
2.656031087304650207e+00
2.804234871184629885e+00
2.524733559186520093e+00
2.206421065237989865e+00
2.420582793331099936e+00
2.479287316476169956e+00
2.374069803726079897e+00
2.336379672186970069e+00
2.364569754969620075e+00
2.568753045346470198e+00
2.729432090213229856e+00
2.591932328557729814e+00
2.609306206714760101e+00
2.382701282954910127e+00
2.451110681897469945e+00
3.230709419925660075e+00
3.179589129694079919e+00
3.551003274532479992e+00
2.771925378944199991e+00
2.760279202930230102e+00
2.948227079265000050e+00
2.827408047615870057e+00
3.010363569336540035e+00
2.721513842084020141e+00
1.806315669808109980e+00
1.671635596602129903e+00
1.731105051215920065e+00
2.323705757617709811e+00
2.108497371348259986e+00
1.671080232738850091e+00
1.799409479615130092e+00
1.726156466172749981e+00
2.243930536804279896e+00
2.033544376090949957e+00
2.353608520708640128e+00
1.741939077729200092e+00
1.731910942116869911e+00
2.424783664419820184e+00
2.735415243718830158e+00
2.673481697073349928e+00
3.144611564667989967e+00
2.815577748324269880e+00
3.097403091523899921e+00
3.150495477860610016e+00
3.468073963853610220e+00
2.262118715431880034e+00
2.152532948434529914e+00
2.259020174070809794e+00
2.145631415290329969e+00
2.024198232206869896e+00
2.265972830860830012e+00
2.415040157367439821e+00
2.416440785797899782e+00
2.284926786990289838e+00
2.106700732362349893e+00
2.136879039875520192e+00
2.248733229804800171e+00
2.326028468337010047e+00
2.180899686766229806e+00
2.078674273360470171e+00
2.079687627611340073e+00
1.976258249257049959e+00
2.448118620292150105e+00
2.433945755538029942e+00
2.329662240489459801e+00
2.269676357629870189e+00
2.128366953938079842e+00
2.530635055505360054e+00
2.374033095545689864e+00
2.392943042340060167e+00
2.302590648306550136e+00
2.910533695094950080e+00
3.127444970483430176e+00
2.749543081091169849e+00
2.677780270971379828e+00
2.917794243013419830e+00
2.850370502371640136e+00
3.078580056095340023e+00
3.071793667241020209e+00
2.819320150434930117e+00
2.593618308129539862e+00
2.476860599826229858e+00
2.661092996291739787e+00
2.761582068525540112e+00
2.496998797740090037e+00
2.834210818157480105e+00
2.863066967449849898e+00
3.081779226767530133e+00
2.640928420866829995e+00
2.153326961490909852e+00
2.092896010921859951e+00
2.082426300860769963e+00
2.178343738976220134e+00
2.223599764649689892e+00
2.465308479587310142e+00
2.537378282830209830e+00
2.234061490766389824e+00
2.153265935075869830e+00
2.121789568859299813e+00
1.959756672991000093e+00
1.532499586094659971e+00
3.284584119870240126e+00
3.116072847355189968e+00
3.359886684347740182e+00
2.908152468653330214e+00
2.678053790618859953e+00
2.871858868677870102e+00
2.957185716315649859e+00
3.170164868665680036e+00
3.173795019734860112e+00
1.566555330883059982e+00
2.091666957595680110e+00
2.075546961392530143e+00
2.216377057988169863e+00
2.244722322769999945e+00
2.095552896019400091e+00
2.589592194057800167e+00
3.184631817679870025e+00
3.240906021875090026e+00
3.290079152102200144e+00
3.080048967578850050e+00
2.853144346172610035e+00
3.135151740824570155e+00
3.077317022615269959e+00
3.064603977487109887e+00
2.985017586749540097e+00
3.099973984235500080e+00
3.037776979548799883e+00
2.194625329483860021e+00
2.361368922743599885e+00
2.259187582942809858e+00
2.265760916717610041e+00
2.404542949770080096e+00
2.591431931588089821e+00
2.594955773263409871e+00
2.673960400552770178e+00
2.555988730321829827e+00
2.188394071261429819e+00
2.261524556472669811e+00
2.184549481320699815e+00
2.389874558390990167e+00
2.269933025967810103e+00
3.236421366988349924e+00
3.004862829229320020e+00
2.977316549228699927e+00
3.073685364702460010e+00
2.904239345141160111e+00
2.984864716816860053e+00
3.256400205380340029e+00
3.424860411194110110e+00
3.135774868500590173e+00
2.752655267293469876e+00
2.376175322717830163e+00
2.961909697053339841e+00
3.029050826280839992e+00
2.634154704380870182e+00
2.329194415088450043e+00
2.777347061487819957e+00
2.320810726067629837e+00
2.797842064029159914e+00
2.750137968090470064e+00
2.450741645351909970e+00
2.929965282015829953e+00
3.209820521697389850e+00
3.006722692201679870e+00
3.114487549673969902e+00
3.452646499256080137e+00
3.359395275386019897e+00
3.098093155281369970e+00
3.128373417086390162e+00
1.804888744622390018e+00
1.790285164033240006e+00
1.857091154673510047e+00
2.314625519201269910e+00
2.279575696126720175e+00
1.658583715407059955e+00
1.783760695743920044e+00
2.808271756389510099e+00
3.062153118251360162e+00
2.639556209850189905e+00
1.732152418065209920e+00
1.771807878999110075e+00
1.807737922014100107e+00
2.941556151731710145e+00
2.456578572817509798e+00
2.203114513644389927e+00
2.860122303338879846e+00
3.474915236032769972e+00
3.206828573504730162e+00
3.142645962028189910e+00
3.077011601346860026e+00
2.659088637042489989e+00
2.853430496824670204e+00
2.489649162871829802e+00
2.847047981098529856e+00
2.324673350189249810e+00
2.096666739975380001e+00
2.024936968037439833e+00
2.402261382454680128e+00
2.122051962633249911e+00
2.366759055126329780e+00
1.442636525782230006e+00
2.528582499043849907e+00
1.825750581348029922e+00
1.747644819328250110e+00
1.811239772753290067e+00
2.221857435419139826e+00
2.070665753453730051e+00
1.895201474778889894e+00
1.940466677663529982e+00
1.853028614712989963e+00
2.225335131818539924e+00
2.189125206925529810e+00
2.082498138505779917e+00
1.815710539788959910e+00
1.791760804012910047e+00
1.798650645445269980e+00
2.057057208637420143e+00
2.342718689795539877e+00
2.300508529343289865e+00
2.857362654723139883e+00
3.203557750397500126e+00
3.189122397221920036e+00
2.981854834604940052e+00
2.903469828507169836e+00
2.748521375160729807e+00
3.000299559856240084e+00
2.996769895517060078e+00
3.041605831953949846e+00
1.726890140741820012e+00
1.880927865267080001e+00
1.794069583981630078e+00
2.108023509346089952e+00
2.203739808633859987e+00
2.023581657664939915e+00
1.823148059810689947e+00
1.612677918316500092e+00
1.807873132003330108e+00
2.239624765246139848e+00
2.013511333465900055e+00
2.100852826657300110e+00
1.838912027406000016e+00
1.813647695346900068e+00
1.592065670432250002e+00
2.451402613597490010e+00
2.078927833680720205e+00
1.882752155613079958e+00
2.939259596701540023e+00
2.884523490927279887e+00
2.995314839126930195e+00
2.210425541631090063e+00
3.051869963069839820e+00
2.768327251215770168e+00
2.909079755756780017e+00
2.349976499424470067e+00
2.949111773881440079e+00
2.271121055704130143e+00
1.945025201242460033e+00
2.212613696645060024e+00
2.268998958542669975e+00
2.321184027302309882e+00
1.107209969647870107e+00
2.195982630688360082e+00
2.163429743301469976e+00
1.723044991643450041e+00
1.828079590556749956e+00
1.820529848523519956e+00
2.502358829319629940e+00
2.961876508429219790e+00
2.691523522168150162e+00
1.788026884095800018e+00
1.845470132981670064e+00
1.773054693364259915e+00
2.865613216555459974e+00
2.754172441415160044e+00
2.562031018999180176e+00
1.665487180782809995e+00
1.871047261305500031e+00
1.583878598498630108e+00
2.649908994164340115e+00
2.540854815952250156e+00
3.017012459254449830e+00
2.291124546612219870e+00
2.403583750366689920e+00
2.589513971994439778e+00
2.764445147185199847e+00
2.611330247651749925e+00
2.490969250591489992e+00
2.460145817491750098e+00
2.753299564341760153e+00
2.630580410698979854e+00
2.553701021549959815e+00
2.430187970343499870e+00
2.429122176850849968e+00
2.687858792728389901e+00
2.427015205907990136e+00
2.720308178851130076e+00
2.648037830429490036e+00
2.359000227374690173e+00
2.873506605129730218e+00
2.826644845059489874e+00
2.654176541877959927e+00
3.109649405025050051e+00
3.228931351676879835e+00
3.036069700697700213e+00
2.240249631518799855e+00
2.730483494552729873e+00
2.603966695368849837e+00
3.387521518630909778e+00
3.002839667840929927e+00
3.225151562832329954e+00
3.063141881841959790e+00
3.399796552349270140e+00
3.387679852429120064e+00
3.196670739196969979e+00
3.189085869420750008e+00
2.901567290028450152e+00
2.994809689702190081e+00
3.278637011522619993e+00
3.043456594182329944e+00
3.186385560782610149e+00
3.137018448050549857e+00
3.144356227368179990e+00
2.329235115569419978e+00
2.261310460100620201e+00
2.278890724928679834e+00
2.165244326125309815e+00
2.016699138064970143e+00
2.087248867795659990e+00
2.455530047342699973e+00
2.523147924422199928e+00
2.444060417740780089e+00
2.780749231103550212e+00
3.103752423302660102e+00
2.929209391954930020e+00
3.193238724856170219e+00
3.229410483457340053e+00
2.885564747871789848e+00
2.727435517036000068e+00
2.370809056545499782e+00
1.884512159190389946e+00
1.843357378437959992e+00
1.764101376476230110e+00
3.003055346315929963e+00
2.893317811616110014e+00
2.466259478935449945e+00
2.897209087906880143e+00
2.483401844299180095e+00
2.530903734802759875e+00
2.897121035905589892e+00
2.883826038465750141e+00
2.691717872949490165e+00
2.799244028843809851e+00
3.082404747249909871e+00
2.985129956792520023e+00
3.061674847274090006e+00
2.900181352923170142e+00
3.255759606754829782e+00
3.156918477699119929e+00
3.168096592652529964e+00
2.940068013739349784e+00
2.943929581677279916e+00
2.577215969734650169e+00
2.921374295418469824e+00
2.957142578050710124e+00
2.919689859537589971e+00
3.130494588523470068e+00
3.231296245836329906e+00
3.536769226232769903e+00
3.021110705338330149e+00
2.576525627065210156e+00
2.644546903381649994e+00
2.637439692703659855e+00
2.417006425118799928e+00
2.282009999342049955e+00
2.520155886944860146e+00
2.182243411918999954e+00
2.184804957019240046e+00
2.508475849648229783e+00
2.322839272686319845e+00
2.291590825657999986e+00
2.334373318799209951e+00
2.305523333211259907e+00
2.284611182369769899e+00
2.407730728026340028e+00
2.308137378638039916e+00
2.018742095762379840e+00
1.970486348847650060e+00
2.066996420449700000e+00
2.365918322176340016e+00
1.739888655084540048e+00
2.199316274253099834e+00
2.204255678480150138e+00
2.149527013754350069e+00
2.006551609086649979e+00
2.679800248947389996e+00
2.602125130614919790e+00
2.596300134602610221e+00
3.032026136949019790e+00
3.006273455202780109e+00
2.719753772612360176e+00
2.966653194677660199e+00
2.880447716537250180e+00
2.858952045343619908e+00
2.188394071261429819e+00
2.261524556472669811e+00
2.184549481320699815e+00
2.389874558390990167e+00
2.269933025967810103e+00
2.985228818385389893e+00
2.725405204471900156e+00
3.010639116736629983e+00
3.212603049432369851e+00
2.477454086253330079e+00
3.337676853202189875e+00
2.799161279815559844e+00
2.923560036840420207e+00
2.999769762906370207e+00
3.211851762284319900e+00
2.760769177403540109e+00
3.063194452592759909e+00
3.126128158973980220e+00
2.849812373825430178e+00
2.982207893809030175e+00
3.063228244715349824e+00
2.984288723387800157e+00
2.635182048656270037e+00
3.035973766418119890e+00
2.965389870215120016e+00
2.325104982971410106e+00
2.548684171483010186e+00
2.903149698378140187e+00
2.555046056525020148e+00
2.577606677362540122e+00
2.883070620049450028e+00
2.764370437566760152e+00
2.328929768947900047e+00
3.132627851029010202e+00
2.665083565708500135e+00
3.076556707408129920e+00
3.013111207596590013e+00
2.685338597906290037e+00
2.524928115231659831e+00
2.731105051215919843e+00
2.694350689221920003e+00
2.188394071261429819e+00
2.261524556472669811e+00
2.184549481320699815e+00
2.389874558390990167e+00
2.269933025967810103e+00
2.866500002672169867e+00
2.819964865530629972e+00
3.377688640733369940e+00
2.361859992489289795e+00
2.793476070790470001e+00
2.893678555911140204e+00
2.593585095453899925e+00
3.207003873313199804e+00
3.013599732612469939e+00
2.288025535388360066e+00
2.442652198342520009e+00
2.365450544097570162e+00
2.308692442201259798e+00
2.326929537043509910e+00
2.292787535198329785e+00
2.371548092683850140e+00
2.501921514596220142e+00
3.061716293159900015e+00
2.656596443982909950e+00
2.804589174829310139e+00
3.332856393443849985e+00
3.235987748109089956e+00
3.049965761053739843e+00
3.208924831080259832e+00
3.074264082238889806e+00
3.264087878428350020e+00
2.345138383110100033e+00
2.565363688231229844e+00
2.960128153889499902e+00
3.019689430165350075e+00
3.200064885460680131e+00
2.873698337647910162e+00
2.918701191495459923e+00
3.038548634553190020e+00
2.799161279815559844e+00
2.923560036840420207e+00
2.999769762906370207e+00
3.211851762284319900e+00
2.760769177403540109e+00
2.593618308129539862e+00
2.476860599826229858e+00
2.661092996291739787e+00
2.761582068525540112e+00
2.496998797740090037e+00
2.834210818157480105e+00
2.863066967449849898e+00
3.081779226767530133e+00
2.939259596701540023e+00
2.884523490927279887e+00
2.995314839126930195e+00
2.210425541631090063e+00
3.051869963069839820e+00
2.768327251215770168e+00
2.909079755756780017e+00
2.349976499424470067e+00
2.949111773881440079e+00
2.673481697073349928e+00
3.144611564667989967e+00
2.815577748324269880e+00
3.097403091523899921e+00
3.150495477860610016e+00
3.468073963853610220e+00
2.654609657359269903e+00
2.715334683792309800e+00
2.816400401647699780e+00
3.200001865406600032e+00
3.220787776165880079e+00
3.301841367948270101e+00
2.503708989891709980e+00
2.774823418392259988e+00
2.404406050921270133e+00
3.061716293159900015e+00
2.656596443982909950e+00
2.804589174829310139e+00
3.332856393443849985e+00
3.235987748109089956e+00
3.049965761053739843e+00
3.208924831080259832e+00
3.074264082238889806e+00
2.656031087304650207e+00
2.804234871184629885e+00
2.524733559186520093e+00
2.206421065237989865e+00
2.420582793331099936e+00
2.479287316476169956e+00
2.188394071261429819e+00
2.261524556472669811e+00
2.184549481320699815e+00
2.389874558390990167e+00
2.269933025967810103e+00
3.184631817679870025e+00
3.240906021875090026e+00
3.290079152102200144e+00
3.080048967578850050e+00
2.853144346172610035e+00
3.135151740824570155e+00
3.077317022615269959e+00
3.064603977487109887e+00
2.985017586749540097e+00
3.099973984235500080e+00
3.037776979548799883e+00
1.931101745632640032e+00
2.161787118745519987e+00
2.207068581514100014e+00
2.194764024110889888e+00
1.970625776688289976e+00
2.301247088636209970e+00
1.921322243583819978e+00
1.898450919198370057e+00
2.207661291196779896e+00
2.866500002672169867e+00
2.819964865530629972e+00
3.377688640733369940e+00
2.361859992489289795e+00
2.793476070790470001e+00
2.893678555911140204e+00
2.593585095453899925e+00
3.207003873313199804e+00
3.013599732612469939e+00
2.866500002672169867e+00
2.819964865530629972e+00
3.377688640733369940e+00
2.361859992489289795e+00
2.793476070790470001e+00
2.893678555911140204e+00
2.593585095453899925e+00
3.207003873313199804e+00
3.013599732612469939e+00
2.673481697073349928e+00
3.144611564667989967e+00
2.815577748324269880e+00
3.097403091523899921e+00
3.150495477860610016e+00
3.468073963853610220e+00
2.264321877763010082e+00
2.145382891974870088e+00
2.465977368285820148e+00
2.067740202926239945e+00
2.368491429415810146e+00
2.851784077221600100e+00
3.057723144097539869e+00
2.814733573681179823e+00
2.001820217038329908e+00
2.319043566399110023e+00
2.157819284417299865e+00
1.726890140741820012e+00
1.880927865267080001e+00
1.794069583981630078e+00
2.108023509346089952e+00
2.203739808633859987e+00
2.023581657664939915e+00
1.823148059810689947e+00
1.612677918316500092e+00
1.807873132003330108e+00
2.239624765246139848e+00
2.013511333465900055e+00
2.100852826657300110e+00
1.838912027406000016e+00
1.813647695346900068e+00
1.592065670432250002e+00
2.451402613597490010e+00
2.078927833680720205e+00
1.882752155613079958e+00
1.804888744622390018e+00
1.790285164033240006e+00
1.857091154673510047e+00
2.314625519201269910e+00
2.279575696126720175e+00
1.658583715407059955e+00
1.783760695743920044e+00
2.808271756389510099e+00
3.062153118251360162e+00
2.639556209850189905e+00
1.732152418065209920e+00
1.771807878999110075e+00
1.807737922014100107e+00
2.941556151731710145e+00
2.456578572817509798e+00
2.203114513644389927e+00
2.448118620292150105e+00
2.433945755538029942e+00
2.329662240489459801e+00
2.269676357629870189e+00
2.128366953938079842e+00
2.530635055505360054e+00
2.374033095545689864e+00
2.392943042340060167e+00
2.302590648306550136e+00
2.752655267293469876e+00
2.376175322717830163e+00
2.961909697053339841e+00
3.029050826280839992e+00
2.634154704380870182e+00
2.329194415088450043e+00
2.777347061487819957e+00
2.320810726067629837e+00
2.797842064029159914e+00
2.750137968090470064e+00
2.450741645351909970e+00
2.799244028843809851e+00
3.082404747249909871e+00
2.985129956792520023e+00
3.061674847274090006e+00
2.900181352923170142e+00
3.255759606754829782e+00
3.156918477699119929e+00
3.168096592652529964e+00
2.940068013739349784e+00
2.955018719942149819e+00
2.765422658093819930e+00
3.226099598569069915e+00
3.201397124320449983e+00
3.213862930386819805e+00
2.804561930962420124e+00
3.291998963838069781e+00
3.266311678557360043e+00
2.780749231103550212e+00
3.103752423302660102e+00
2.929209391954930020e+00
3.193238724856170219e+00
3.229410483457340053e+00
2.885564747871789848e+00
2.727435517036000068e+00
2.370809056545499782e+00
2.679800248947389996e+00
2.602125130614919790e+00
2.596300134602610221e+00
3.032026136949019790e+00
3.006273455202780109e+00
2.719753772612360176e+00
2.966653194677660199e+00
2.880447716537250180e+00
2.858952045343619908e+00
3.063194452592759909e+00
3.126128158973980220e+00
2.849812373825430178e+00
2.982207893809030175e+00
3.063228244715349824e+00
2.984288723387800157e+00
2.635182048656270037e+00
3.035973766418119890e+00
2.965389870215120016e+00
2.813947749121330055e+00
2.583357494902509988e+00
2.500401157055470058e+00
2.720167575603019916e+00
2.793175513708269886e+00
2.711309402572859906e+00
2.986843364561949876e+00
2.892261606915540018e+00
2.932767929982289967e+00
3.196670739196969979e+00
3.189085869420750008e+00
2.901567290028450152e+00
2.994809689702190081e+00
3.278637011522619993e+00
3.043456594182329944e+00
3.186385560782610149e+00
3.137018448050549857e+00
3.144356227368179990e+00
2.857362654723139883e+00
3.203557750397500126e+00
3.189122397221920036e+00
2.981854834604940052e+00
2.903469828507169836e+00
2.748521375160729807e+00
3.000299559856240084e+00
2.996769895517060078e+00
3.041605831953949846e+00
2.910533695094950080e+00
3.127444970483430176e+00
2.749543081091169849e+00
2.677780270971379828e+00
2.917794243013419830e+00
2.850370502371640136e+00
3.078580056095340023e+00
3.071793667241020209e+00
2.819320150434930117e+00
2.912811701203370074e+00
3.019166158720560045e+00
2.794090516694470061e+00
1.825750581348029922e+00
1.747644819328250110e+00
1.811239772753290067e+00
2.221857435419139826e+00
2.070665753453730051e+00
1.895201474778889894e+00
1.940466677663529982e+00
1.853028614712989963e+00
2.225335131818539924e+00
2.189125206925529810e+00
2.082498138505779917e+00
1.815710539788959910e+00
1.791760804012910047e+00
1.798650645445269980e+00
2.057057208637420143e+00
2.342718689795539877e+00
2.300508529343289865e+00
3.111544780551899869e+00
3.307247798705600150e+00
3.197751822066099869e+00
2.733413956897980057e+00
2.897517129400529967e+00
2.895505418758269833e+00
2.966080692468379798e+00
2.890057557340569794e+00
3.003055346315929963e+00
2.893317811616110014e+00
2.466259478935449945e+00
2.897209087906880143e+00
2.483401844299180095e+00
2.530903734802759875e+00
2.897121035905589892e+00
2.883826038465750141e+00
2.691717872949490165e+00
2.929965282015829953e+00
3.209820521697389850e+00
3.006722692201679870e+00
3.114487549673969902e+00
3.452646499256080137e+00
3.359395275386019897e+00
3.098093155281369970e+00
3.128373417086390162e+00
2.985228818385389893e+00
2.725405204471900156e+00
3.010639116736629983e+00
3.212603049432369851e+00
2.477454086253330079e+00
3.337676853202189875e+00
2.325104982971410106e+00
2.548684171483010186e+00
2.903149698378140187e+00
2.555046056525020148e+00
2.577606677362540122e+00
2.883070620049450028e+00
2.764370437566760152e+00
2.964476487513509895e+00
2.795302890975329912e+00
2.866647624474819800e+00
3.123397516906130100e+00
2.909705760144880138e+00
2.832496139151269965e+00
3.158157360152160198e+00
3.078228372735940077e+00
1.723044991643450041e+00
1.828079590556749956e+00
1.820529848523519956e+00
2.502358829319629940e+00
2.961876508429219790e+00
2.691523522168150162e+00
1.788026884095800018e+00
1.845470132981670064e+00
1.773054693364259915e+00
2.865613216555459974e+00
2.754172441415160044e+00
2.562031018999180176e+00
1.665487180782809995e+00
1.871047261305500031e+00
1.583878598498630108e+00
2.649908994164340115e+00
2.540854815952250156e+00
3.017012459254449830e+00
1.931101745632640032e+00
2.161787118745519987e+00
2.207068581514100014e+00
2.194764024110889888e+00
1.970625776688289976e+00
2.301247088636209970e+00
1.921322243583819978e+00
1.898450919198370057e+00
2.207661291196779896e+00
2.240249631518799855e+00
2.730483494552729873e+00
2.603966695368849837e+00
3.387521518630909778e+00
3.002839667840929927e+00
3.225151562832329954e+00
3.063141881841959790e+00
3.399796552349270140e+00
3.387679852429120064e+00
2.328929768947900047e+00
3.132627851029010202e+00
2.665083565708500135e+00
3.076556707408129920e+00
3.013111207596590013e+00
2.685338597906290037e+00
2.524928115231659831e+00
2.731105051215919843e+00
2.694350689221920003e+00
3.102824600572890112e+00
2.915336506977019848e+00
2.997482495276800218e+00
3.212589740049430098e+00
3.224942044261790208e+00
2.897313626476639925e+00
3.368482134027570130e+00
2.380681472737829818e+00
2.561685617689950067e+00
2.943929581677279916e+00
2.577215969734650169e+00
2.921374295418469824e+00
2.957142578050710124e+00
2.919689859537589971e+00
3.130494588523470068e+00
3.231296245836329906e+00
3.536769226232769903e+00
3.021110705338330149e+00
2.291124546612219870e+00
2.403583750366689920e+00
2.589513971994439778e+00
2.764445147185199847e+00
2.611330247651749925e+00
2.490969250591489992e+00
2.460145817491750098e+00
2.254813841034870148e+00
2.112537975609309893e+00
2.285917196728310063e+00
2.011232010319369934e+00
2.232106292614659981e+00
2.026001817357180101e+00
2.226831810658719935e+00
2.456624103507059953e+00
2.295677034017470142e+00
2.239899817176969954e+00
2.570636326503460189e+00
2.394696777891879957e+00
