0 1 2 3 4 5 6 7 8 |PI655981|0.01262754599751704
9 10 11 12 13 14 15 16 17 18 19 20 21 22 23 |PI655978|0.10682105981231015
24 25 26 27 28 29 30 31 32 |PI656015|0.02727320817169685
33 34 35 36 37 |PI253986|0.005556405291375972
38 39 40 41 42 |PI452692|0.02594010640085902
43 44 45 46 47 48 |PI533998|0.02377872607707419
49 50 51 |PI329299|0.008451670546492073
52 53 54 55 56 57 58 59 |PI226096|0.07977838935567665
60 61 62 |PI542718|0.0024971096021749917
63 64 65 66 67 68 69 70 71 |PI329403|0.061011595530252975
72 73 74 75 76 77 78 79 |PI563329|0.04443720341173386
80 81 82 83 84 85 86 87 |PI329570|0.026393620869677507
88 89 90 91 92 93 94 95 |PI329710|0.031459621099484324
96 97 98 99 100 101 102 103 104 |PI329702|0.021485718787686618
105 106 107 108 109 110 111 |PI156268|0.07477637325648781
112 113 114 115 116 117 118 119 120 |PI570145|0.06763311550203303
121 122 123 124 125 126 127 128 |PI329569|0.016787082093338877
129 130 131 132 133 134 135 136 |PI226096|0.07977838935567665
137 138 139 140 141 142 143 144 145 |PI656015|0.02727320817169685
146 147 148 149 150 151 152 153 154 |PI656065|0.017105639532122862
155 156 157 158 159 160 161 162 |PI576401|0.005064949469397487
163 164 165 166 167 168 169 170 171 172 173 174 |PI564163|0.024660367816112045
175 176 177 178 179 180 181 182 183 |PI251672|0.09831762470323265
184 185 186 187 188 189 190 191 |PI226096|0.07977838935567665
192 193 194 195 196 197 |PI533998|0.02377872607707419
198 199 200 201 202 203 204 205 206 |PI329301|0.022708409020658397
207 208 209 210 211 212 213 214 215 |PI585577|0.07553547141169795
216 217 218 219 220 221 222 223 224 |PI154844|0.09392607046372262
225 226 227 228 229 230 231 232 |PI535792|0.00758671077220433
233 234 235 236 237 238 239 240 |PI329569|0.016787082093338877
241 242 243 244 245 246 247 248 249 |PI330185|0.0914217158288147
250 251 252 253 254 255 256 257 |PI330168|0.040400799090896035
258 259 260 |PI329299|0.008451670546492073
261 262 263 264 265 266 267 268 |PI155149|0.011902308973994422
269 270 271 272 273 274 275 276 277 |PI550604|0.09244430788432105
278 279 280 281 282 283 284 285 286 |PI535793|0.012412776754933942
287 288 289 290 291 292 293 294 295 296 297 298 |PI564163|0.024660367816112045
299 300 301 302 303 304 305 306 307 |PI534165|0.02143524555222655
308 309 310 311 312 313 314 315 316 |PI655981|0.01262754599751704
317 318 319 320 321 322 323 324 325 326 327 328 |PI526905|0.055417631468831836
329 330 331 332 333 334 335 336 337 338 339 340 341 342 343 344 345 |PI181899|0.04802276531978665
346 347 348 349 350 351 |PI569446|0.241392050916891
352 353 354 355 356 357 358 359 |PI329710|0.031459621099484324
360 361 362 363 364 365 |PI455217|0.03484200108008278
366 367 368 369 370 371 372 373 374 |PI656065|0.017105639532122862
375 376 377 378 379 380 381 382 383 |PI570145|0.06763311550203303
384 385 386 387 388 389 390 391 392 393 394 395 396 397 398 |PI655978|0.10682105981231015
399 400 401 402 403 404 |PI562732|0.06539877653308496
405 406 407 408 409 410 411 412 413 |PI297155|0.014217606958025736
414 415 416 417 418 419 420 421 |PI197542|0.010425830407198682
422 423 424 425 426 427 428 429 430 |PI533902|0.01217329037804551
431 432 433 434 435 436 437 438 439 |PI329702|0.021485718787686618
440 441 442 443 444 445 446 447 |PI452544|0.03680045178030219
448 449 450 451 452 453 454 455 456 |PI561840|0.03730011920928885
457 458 459 460 |PI593916|0.061240838600228456
461 462 463 464 465 466 467 468 469 |PI152963|0.04260696871671243
470 471 472 473 474 475 476 |PI157804|0.07925854173719946
477 478 479 480 481 482 483 484 485 486 487 |PI452542|0.013121717998680582
488 489 490 491 492 493 494 495 496 |PI656015|0.02727320817169685
497 498 499 500 501 |PI253986|0.005556405291375972
502 503 504 505 506 507 508 509 510 |PI196049|0.025020297587989522
511 512 513 514 515 516 517 518 519 520 521 |PI569148|0.05688565904037859
522 523 524 525 526 527 528 529 |PI329570|0.026393620869677507
530 531 532 533 534 535 536 537 538 539 540 541 542 543 544 545 |PI576399|0.21253685369397435
546 547 548 549 550 551 552 553 554 |PI569452|0.07987627885530996
555 556 557 558 559 560 561 562 |PI181083|0.10032647093753039
563 564 565 566 567 568 569 570 571 572 573 574 575 576 577 578 579 |PI329435|0.037776325702855974
580 581 582 583 584 585 586 587 588 |PI329614|0.019056953594831155
589 590 591 592 593 594 595 596 597 598 599 600 601 602 603 604 605 606 |PI533792|0.04807452753128084
607 608 609 610 611 612 613 614 615 |PI563332|0.07901499257346965
616 617 618 619 620 621 622 623 |PI540518|0.14124673296802417
624 625 626 627 628 629 630 631 632 633 634 635 636 637 638 639 640 641 |PI330182|0.25012488877121075
642 643 644 645 646 647 648 |PI213900|0.020452807104240887
649 650 651 652 653 654 655 656 657 |PI181080|0.015271381042433104
658 659 660 661 662 663 664 |PI156268|0.07477637325648781
665 666 667 668 669 670 671 672 673 |PI329310|0.14683455260748035
674 675 676 677 678 679 680 681 682 |PI329865|0.012260453241200574
683 684 685 686 687 688 689 690 691 |PI535794|0.026564580906927978
692 693 694 695 696 697 698 699 |PI329394|0.07013353515913787
700 701 702 |PI542718|0.0024971096021749917
703 704 705 706 707 708 709 710 711 |PI569097|0.03875373748408131
712 713 714 715 716 717 718 719 720 |PI337689|0.018821816660914634
721 722 723 724 725 726 727 728 729 |PI329403|0.061011595530252975
730 731 732 733 734 735 736 737 738 |PI300119|0.02973582354177308
739 740 741 742 743 744 745 |PI527045|0.0014699660997003398
746 747 748 749 750 751 752 753 754 |PI92270|0.02813823131111025
755 756 757 758 759 760 761 762 763 |PI329841|0.025932215657650266
764 765 766 767 768 |PI253986|0.005556405291375972
769 770 771 772 773 774 |PI329843|0.08291900931222336
775 776 777 778 779 |PI452692|0.02594010640085902
780 781 782 783 784 785 786 787 788 |PI329300|0.019217846815515704
789 790 791 792 793 794 795 |PI329256|0.03736556128707352
796 797 798 799 800 801 802 803 804 |PI329511|0.06265748924035254
805 806 807 808 809 |PI253986|0.005556405291375972
810 811 812 813 814 815 816 817 818 |PI562985|0.0816034351796191
819 820 821 822 823 824 825 826 |PI576401|0.005064949469397487
827 828 829 830 831 832 833 834 |PI563329|0.04443720341173386
835 836 837 838 839 840 841 842 843 |PI585577|0.07553547141169795
844 845 846 847 848 |PI452692|0.02594010640085902
849 850 851 852 853 854 855 856 |PI452544|0.03680045178030219
857 858 859 860 861 862 863 864 865 |PI563332|0.07901499257346965
866 867 868 869 870 871 |PI562732|0.06539877653308496
872 873 874 875 876 877 878 879 880 |PI154844|0.09392607046372262
881 882 883 884 885 886 887 888 |PI563329|0.04443720341173386
889 890 891 892 893 894 |PI455217|0.03484200108008278
895 896 897 898 899 |PI253986|0.005556405291375972
900 901 902 903 904 905 906 907 908 909 910 |PI452542|0.013121717998680582
911 912 913 914 915 916 917 918 919 |PI534165|0.02143524555222655
920 921 922 923 924 925 926 927 928 |PI562985|0.0816034351796191
929 930 931 932 933 934 935 936 937 |PI562985|0.0816034351796191
938 939 940 941 942 943 |PI562732|0.06539877653308496
944 945 946 947 948 949 950 951 952 953 954 |PI52606|0.11184063880183359
955 956 957 958 959 960 961 962 963 964 965 966 967 968 969 970 971 972 |PI533792|0.04807452753128084
973 974 975 976 977 978 979 980 981 982 983 984 985 986 987 988 |PI576399|0.21253685369397435
989 990 991 992 993 994 995 996 997 |PI533902|0.01217329037804551
998 999 1000 1001 1002 1003 1004 1005 1006 1007 1008 |PI569148|0.05688565904037859
1009 1010 1011 1012 1013 1014 1015 1016 1017 |PI337689|0.018821816660914634
1018 1019 1020 1021 1022 1023 1024 1025 |PI330168|0.040400799090896035
1026 1027 1028 1029 1030 1031 1032 1033 |PI329394|0.07013353515913787
1034 1035 1036 1037 1038 1039 1040 1041 1042 |PI329841|0.025932215657650266
1043 1044 1045 1046 1047 1048 1049 1050 1051 |PI329300|0.019217846815515704
1052 1053 1054 1055 1056 1057 1058 1059 1060 |PI329301|0.022708409020658397
1061 1062 1063 1064 1065 1066 1067 1068 1069 |PI329865|0.012260453241200574
1070 1071 1072 1073 1074 1075 1076 1077 1078 |PI329614|0.019056953594831155
1079 1080 1081 1082 1083 1084 1085 1086 1087 |PI329702|0.021485718787686618
1088 1089 1090 |PI329299|0.008451670546492073
1091 1092 1093 1094 1095 1096 1097 1098 1099 1100 1101 1102 1103 1104 1105 1106 1107 |PI329435|0.037776325702855974
1108 1109 1110 1111 1112 1113 1114 1115 |PI329710|0.031459621099484324
1116 1117 1118 1119 1120 1121 1122 1123 1124 |PI569097|0.03875373748408131
1125 1126 1127 1128 1129 1130 1131 1132 |PI329570|0.026393620869677507
1133 1134 1135 1136 1137 1138 |PI329843|0.08291900931222336
1139 1140 1141 1142 1143 1144 1145 |PI329256|0.03736556128707352
1146 1147 1148 1149 1150 1151 1152 1153 |PI329569|0.016787082093338877
1154 1155 1156 1157 1158 1159 1160 1161 1162 1163 1164 1165 1166 1167 1168 1169 1170 1171 |PI330182|0.25012488877121075
1172 1173 1174 1175 1176 1177 1178 1179 1180 |PI534165|0.02143524555222655
1181 1182 1183 1184 1185 1186 1187 1188 1189 |PI329310|0.14683455260748035
1190 1191 1192 1193 1194 1195 1196 1197 1198 |PI329511|0.06265748924035254
1199 1200 1201 1202 1203 1204 1205 1206 1207 |PI330185|0.0914217158288147
1208 1209 1210 1211 1212 1213 1214 1215 1216 |PI329403|0.061011595530252975
1217 1218 1219 1220 1221 1222 1223 |PI213900|0.020452807104240887
1224 1225 1226 1227 1228 1229 1230 1231 1232 1233 1234 1235 |PI564163|0.024660367816112045
