2.013971243204520090e-01
3.541084391474009774e-01
3.617278360175930074e-01
0.000000000000000000e+00
8.600171761917569171e-03
3.742649794062370000e-02
-2.441251443275090083e-01
-2.924298239020640122e-01
-2.146701649892329977e-01
2.988530764097069858e-01
1.238516409670859936e-01
2.600713879850750088e-01
1.875207208364630118e-01
5.693739096150459700e-01
5.078558716958310182e-01
7.058637122839189759e-01
5.987905067631149603e-01
6.283889300503120445e-01
6.646419755561260301e-01
5.078558716958310182e-01
6.599162000698499675e-01
5.550944485783190219e-01
-4.575749056067510145e-02
-4.575749056067510145e-02
-1.322826573375520016e-02
-8.773924307505150469e-03
2.118929906993809870e-02
6.875289612146340268e-01
6.981005456233899675e-01
-1.938200260161130062e-01
1.038037209559569962e-01
8.278537031645009925e-02
1.818435879447730108e-01
2.278867046136739960e-01
3.031960574204889958e-01
7.323937598229689483e-01
6.414741105040999702e-01
7.581546219673900300e-01
6.190933306267429881e-01
5.502283530550939883e-01
5.198279937757189773e-01
6.374897295125110386e-01
6.776069527204929832e-01
6.857417386022639505e-01
7.168377232995239989e-01
7.450747915820580269e-01
5.250448070368449738e-01
6.304278750250239538e-01
6.324572921847240181e-01
6.364878963533650014e-01
6.117233080073419815e-01
6.148972160331349635e-01
5.932860670204570530e-01
6.794278966121189978e-01
6.180480967120930424e-01
5.693739096150459700e-01
5.428254269591800130e-01
3.579348470004540261e-01
6.074550232146690432e-01
6.374897295125110386e-01
7.168377232995239989e-01
6.148972160331349635e-01
5.658478186735179660e-01
4.517864355242899865e-01
4.281347940287890119e-01
4.623979978989560258e-01
6.201360549737580108e-01
6.414741105040999702e-01
6.394864892685859781e-01
7.168377232995239989e-01
7.355988996981800421e-01
4.608978427565479929e-01
5.965970956264600167e-01
6.454222693490919704e-01
6.473829701146199822e-01
6.042260530844699717e-01
5.899496013257079507e-01
6.730209071288959510e-01
6.910814921229679886e-01
6.483600109809319889e-01
5.490032620257879747e-01
6.344772701607319654e-01
6.893088591236200546e-01
-1.938200260161130062e-01
1.038037209559569962e-01
8.278537031645009925e-02
4.756711883244300054e-01
-2.441251443275090083e-01
-2.924298239020640122e-01
-2.146701649892329977e-01
2.988530764097069858e-01
1.238516409670859936e-01
6.720978579357179683e-01
5.877109650189109580e-01
6.570558528571039947e-01
2.278867046136739960e-01
2.278867046136739960e-01
2.201080880400549944e-01
1.003705451175630065e-01
1.643528557844370075e-01
1.105897102992489944e-01
4.139268515822509820e-02
1.335389083702180069e-01
1.139433523068369980e-01
1.703333929878040123e-02
3.201462861110540015e-01
3.579348470004540261e-01
4.132997640812520190e-01
4.927603890268379971e-01
5.526682161121929671e-01
5.751878449276609517e-01
3.560258571931230187e-01
6.570558528571039947e-01
6.589648426644350021e-01
6.711728427150830401e-01
5.854607295085010321e-01
-1.938200260161130062e-01
1.038037209559569962e-01
8.278537031645009925e-02
-4.575749056067510145e-02
-4.575749056067510145e-02
-1.322826573375520016e-02
-8.773924307505150469e-03
2.118929906993809870e-02
5.211380837040360259e-01
6.294095991027189863e-01
6.344772701607319654e-01
7.024305364455250000e-01
6.170003411208989652e-01
6.608654780038689669e-01
5.185139398778869646e-01
5.010592622177509892e-01
5.314789170422550280e-01
5.877109650189109580e-01
6.053050461411100258e-01
5.587085705331660268e-01
6.180480967120930424e-01
6.020599913279619519e-01
5.622928644564749723e-01
2.304489213782739965e-01
6.117233080073419815e-01
5.865873046717550165e-01
5.987905067631149603e-01
6.294095991027189863e-01
6.394864892685859781e-01
5.954962218255740458e-01
5.575072019056579453e-01
2.118929906993809870e-02
-6.048074738138149720e-02
-6.048074738138149720e-02
6.665179805548809844e-01
6.354837468149120427e-01
6.314437690131720071e-01
5.831987739686229633e-01
2.938377768520970129e-02
-4.364805402450089994e-03
0.000000000000000000e+00
5.965970956264600167e-01
6.454222693490919704e-01
6.473829701146199822e-01
6.042260530844699717e-01
6.618126855372610251e-01
6.981005456233899675e-01
5.910646070264989893e-01
6.972293427597180404e-01
6.263403673750419509e-01
3.820170425748680154e-01
4.983105537896009851e-01
4.913616938342729723e-01
4.800069429571510171e-01
4.297522800024080047e-01
4.297522800024080047e-01
6.730209071288959510e-01
6.910814921229679886e-01
6.483600109809319889e-01
5.490032620257879747e-01
4.668676203541090031e-01
5.705429398818979703e-01
5.587085705331660268e-01
7.134905430939419979e-01
1.875207208364630118e-01
2.041199826559249864e-01
-1.322826573375520016e-02
1.846914308175990060e-01
5.658478186735179660e-01
6.334684555795869754e-01
5.024271199844330127e-01
1.271047983648080082e-01
1.303337684950059971e-01
2.041199826559249864e-01
1.430148002540949925e-01
6.344772701607319654e-01
4.409090820652180054e-01
4.139268515822509820e-02
1.335389083702180069e-01
1.139433523068369980e-01
1.703333929878040123e-02
6.344772701607319654e-01
5.428254269591800130e-01
3.579348470004540261e-01
-1.249387366083000023e-01
-1.426675035687320070e-01
-7.058107428570729869e-02
-1.023729087095589935e-01
6.637009253896479777e-01
6.263403673750419509e-01
6.314437690131720071e-01
6.637009253896479777e-01
4.313637641589869731e-01
6.981005456233899675e-01
2.013971243204520090e-01
3.541084391474009774e-01
3.617278360175930074e-01
6.937269489236469466e-01
4.955443375464479994e-01
6.324572921847240181e-01
3.961993470957360097e-01
7.918124604762480367e-02
6.414741105040999702e-01
4.698220159781629768e-01
5.797835966168100041e-01
5.289167002776550275e-01
3.384564936046050021e-01
6.074550232146690432e-01
2.430380486862940004e-01
2.430380486862940004e-01
1.903316981702919963e-01
2.430380486862940004e-01
-1.772876696043159880e-02
6.434526764861869808e-01
3.636119798921439994e-01
5.932860670204570530e-01
6.794278966121189978e-01
6.180480967120930424e-01
5.693739096150459700e-01
4.828735836087539868e-01
6.222140229662950217e-01
4.345689040341990106e-01
5.145477526602859619e-01
4.608978427565479929e-01
6.404814369704220356e-01
5.327543789924980011e-01
4.031205211758179807e-01
2.278867046136739960e-01
2.278867046136739960e-01
2.201080880400549944e-01
6.394864892685859781e-01
7.168377232995239989e-01
7.355988996981800421e-01
4.608978427565479929e-01
0.000000000000000000e+00
8.600171761917569171e-03
3.742649794062370000e-02
6.963563887333320546e-01
6.551384348113820089e-01
6.766936096248670207e-01
6.232492903979000021e-01
6.253124509616739823e-01
5.899496013257079507e-01
1.335389083702180069e-01
2.118929906993809870e-02
1.958996524092339875e-01
3.384564936046050021e-01
3.483048630481609953e-01
3.783979009481380218e-01
-6.048074738138149720e-02
-8.618614761628330678e-02
-1.079053973095199931e-01
6.053050461411100258e-01
8.600171761917569171e-03
8.600171761917569171e-03
4.921802267018170196e-02
4.756711883244300054e-01
6.074550232146690432e-01
6.374897295125110386e-01
7.168377232995239989e-01
6.148972160331349635e-01
1.038037209559569962e-01
1.055101847699739942e-01
4.139268515822509820e-02
5.910646070264989893e-01
-4.364805402450089994e-03
1.105897102992489944e-01
-8.773924307505150469e-03
1.105897102992489944e-01
6.031443726201819455e-01
5.145477526602859619e-01
-1.322826573375520016e-02
-4.575749056067510145e-02
-8.773924307505150469e-03
1.731862684122739970e-01
1.283722470517219966e-02
5.340261060561349860e-01
4.345689040341990106e-01
3.560258571931230187e-01
5.237464668115640043e-01
6.085260335771940365e-01
-5.060999335508720165e-02
5.965970956264600167e-01
4.116197059632299982e-01
3.404441148401179951e-01
1.846914308175990060e-01
3.560258571931230187e-01
4.727564493172120019e-01
7.134905430939419979e-01
7.007037171450190005e-01
7.442929831226759996e-01
6.720978579357179683e-01
5.877109650189109580e-01
4.345689040341990106e-01
3.263358609287509982e-01
-2.441251443275090083e-01
-2.924298239020640122e-01
-2.146701649892329977e-01
2.988530764097069858e-01
1.238516409670859936e-01
6.875289612146340268e-01
2.600713879850750088e-01
1.875207208364630118e-01
6.242820958356679606e-01
6.483600109809319889e-01
6.512780139981440009e-01
6.454222693490919704e-01
6.839471307515120335e-01
2.174839442139059886e-01
5.024271199844330127e-01
4.014005407815440241e-01
4.265112613645750117e-01
6.324572921847240181e-01
6.364878963533650014e-01
6.117233080073419815e-01
6.148972160331349635e-01
7.067177823367589706e-01
7.291647896927699879e-01
5.453071164658239711e-01
4.099331233312950018e-01
6.444385894678390514e-01
6.570558528571039947e-01
5.786392099680720547e-01
6.384892569546369856e-01
1.283722470517219966e-02
3.783979009481380218e-01
3.483048630481609953e-01
2.455126678141499874e-01
2.405492482825999923e-01
0.000000000000000000e+00
-1.322826573375520016e-02
-4.575749056067510145e-02
6.483600109809319889e-01
5.250448070368449738e-01
5.865873046717550165e-01
-2.146701649892329977e-01
-1.938200260161130062e-01
-2.218487496163560058e-01
2.787536009528289727e-01
5.185139398778869646e-01
5.078558716958310182e-01
6.127838567197360087e-01
6.946051989335689791e-01
1.760912590556809876e-01
1.903316981702919963e-01
2.528530309798929787e-01
2.304489213782739965e-01
5.740312677277189524e-01
5.185139398778869646e-01
4.996870826184039993e-01
6.374897295125110386e-01
3.443922736851109945e-01
4.756711883244300054e-01
5.563025007672870448e-01
4.742162640762550008e-01
4.082399653118499727e-01
4.393326938302630214e-01
4.712917110589390224e-01
4.517864355242899865e-01
4.281347940287890119e-01
4.623979978989560258e-01
6.201360549737580108e-01
6.532125137753439503e-01
5.526682161121929671e-01
6.901960800285139586e-01
6.314437690131720071e-01
6.702458530741239873e-01
6.273658565927330288e-01
7.201593034059570186e-01
6.919651027673600074e-01
1.139433523068369980e-01
1.139433523068369980e-01
1.430148002540949925e-01
1.846914308175990060e-01
5.237464668115640043e-01
7.201593034059570186e-01
7.176705030022619836e-01
6.394864892685859781e-01
5.185139398778869646e-01
1.818435879447730108e-01
2.278867046136739960e-01
3.031960574204889958e-01
1.303337684950059971e-01
1.003705451175630065e-01
1.553360374650619991e-01
5.622928644564749723e-01
5.502283530550939883e-01
4.814426285023050145e-01
3.617278360175930074e-01
5.717088318086880339e-01
7.323937598229689483e-01
6.414741105040999702e-01
7.581546219673900300e-01
6.190933306267429881e-01
4.031205211758179807e-01
3.783979009481380218e-01
4.048337166199379999e-01
5.010592622177509892e-01
5.854607295085010321e-01
3.324384599156050002e-01
5.622928644564749723e-01
4.409090820652180054e-01
4.393326938302630214e-01
6.803355134145629979e-01
5.622928644564749723e-01
-2.924298239020640122e-01
-2.479515521805620015e-01
-2.757241303992110093e-01
-4.095860767890639742e-02
-2.111248842245830037e-01
2.938377768520970129e-02
4.440447959180759963e-01
4.548448600085099880e-01
4.409090820652180054e-01
4.842998393467859986e-01
5.185139398778869646e-01
5.477747053878230243e-01
6.454222693490919704e-01
6.334684555795869754e-01
2.600713879850750088e-01
1.875207208364630118e-01
4.756711883244300054e-01
5.340261060561349860e-01
6.283889300503120445e-01
4.698220159781629768e-01
6.283889300503120445e-01
6.646419755561260301e-01
5.078558716958310182e-01
6.599162000698499675e-01
5.550944485783190219e-01
6.180480967120930424e-01
6.314437690131720071e-01
5.105450102066120266e-01
4.014005407815440241e-01
4.393326938302630214e-01
3.654879848909000084e-01
4.014005407815440241e-01
4.913616938342729723e-01
6.394864892685859781e-01
6.830470382388500461e-01
5.954962218255740458e-01
5.658478186735179660e-01
5.198279937757189773e-01
2.600713879850750088e-01
1.875207208364630118e-01
5.693739096150459700e-01
5.078558716958310182e-01
5.502283530550939883e-01
5.198279937757189773e-01
6.304278750250239538e-01
6.720978579357179683e-01
5.010592622177509892e-01
6.053050461411100258e-01
6.324572921847240181e-01
5.943925503754270423e-01
4.099331233312950018e-01
6.794278966121189978e-01
6.893088591236200546e-01
1.003705451175630065e-01
1.643528557844370075e-01
1.105897102992489944e-01
7.058637122839189759e-01
5.987905067631149603e-01
5.611013836490560402e-01
4.842998393467859986e-01
5.575072019056579453e-01
6.776069527204929832e-01
6.857417386022639505e-01
7.168377232995239989e-01
7.450747915820580269e-01
5.250448070368449738e-01
5.010592622177509892e-01
5.314789170422550280e-01
5.877109650189109580e-01
6.053050461411100258e-01
5.575072019056579453e-01
6.283889300503120445e-01
6.646419755561260301e-01
5.078558716958310182e-01
6.599162000698499675e-01
5.550944485783190219e-01
6.253124509616739823e-01
6.180480967120930424e-01
7.041505168397990122e-01
6.857417386022639505e-01
6.893088591236200546e-01
6.304278750250239538e-01
6.608654780038689669e-01
5.185139398778869646e-01
6.589648426644350021e-01
1.038037209559569962e-01
1.055101847699739942e-01
4.139268515822509820e-02
5.910646070264989893e-01
5.854607295085010321e-01
6.232492903979000021e-01
5.526682161121929671e-01
2.787536009528289727e-01
5.185139398778869646e-01
5.078558716958310182e-01
6.127838567197360087e-01
6.946051989335689791e-01
6.963563887333320546e-01
6.551384348113820089e-01
6.766936096248670207e-01
6.232492903979000021e-01
5.865873046717550165e-01
5.987905067631149603e-01
6.294095991027189863e-01
6.394864892685859781e-01
5.954962218255740458e-01
5.575072019056579453e-01
6.776069527204929832e-01
6.857417386022639505e-01
7.168377232995239989e-01
7.450747915820580269e-01
5.250448070368449738e-01
4.345689040341990106e-01
5.145477526602859619e-01
4.608978427565479929e-01
6.404814369704220356e-01
2.600713879850750088e-01
1.875207208364630118e-01
7.134905430939419979e-01
7.007037171450190005e-01
7.442929831226759996e-01
-1.249387366083000023e-01
-1.426675035687320070e-01
-7.058107428570729869e-02
-1.023729087095589935e-01
6.637009253896479777e-01
6.263403673750419509e-01
6.314437690131720071e-01
6.637009253896479777e-01
4.313637641589869731e-01
5.010592622177509892e-01
6.053050461411100258e-01
6.324572921847240181e-01
5.943925503754270423e-01
4.099331233312950018e-01
6.730209071288959510e-01
6.910814921229679886e-01
6.483600109809319889e-01
5.490032620257879747e-01
5.010592622177509892e-01
6.053050461411100258e-01
6.324572921847240181e-01
5.943925503754270423e-01
4.099331233312950018e-01
6.608654780038689669e-01
5.185139398778869646e-01
6.637009253896479777e-01
6.263403673750419509e-01
6.314437690131720071e-01
6.637009253896479777e-01
4.313637641589869731e-01
6.963563887333320546e-01
6.551384348113820089e-01
6.766936096248670207e-01
6.232492903979000021e-01
1.398790864012360025e-01
1.643528557844370075e-01
2.576785748691849953e-01
-1.079053973095199931e-01
-1.079053973095199931e-01
-8.618614761628330678e-02
1.461280356782380108e-01
2.479732663618069988e-01
-2.146701649892329977e-01
-1.938200260161130062e-01
-2.218487496163560058e-01
7.067177823367589706e-01
7.291647896927699879e-01
5.453071164658239711e-01
4.099331233312950018e-01
5.237464668115640043e-01
8.600171761917569171e-03
8.600171761917569171e-03
4.921802267018170196e-02
6.414741105040999702e-01
5.658478186735179660e-01
6.702458530741239873e-01
2.174839442139059886e-01
5.024271199844330127e-01
4.014005407815440241e-01
4.265112613645750117e-01
4.814426285023050145e-01
3.617278360175930074e-01
5.717088318086880339e-01
3.384564936046050021e-01
4.983105537896009851e-01
4.913616938342729723e-01
4.800069429571510171e-01
4.297522800024080047e-01
4.297522800024080047e-01
3.384564936046050021e-01
7.201593034059570186e-01
7.176705030022619836e-01
6.394864892685859781e-01
6.454222693490919704e-01
6.334684555795869754e-01
6.180480967120930424e-01
6.314437690131720071e-01
5.105450102066120266e-01
5.211380837040360259e-01
6.294095991027189863e-01
6.344772701607319654e-01
7.024305364455250000e-01
6.170003411208989652e-01
6.711728427150830401e-01
6.273658565927330288e-01
7.201593034059570186e-01
6.919651027673600074e-01
6.483600109809319889e-01
5.250448070368449738e-01
5.865873046717550165e-01
6.074550232146690432e-01
6.374897295125110386e-01
7.168377232995239989e-01
6.148972160331349635e-01
5.854607295085010321e-01
6.702458530741239873e-01
7.058637122839189759e-01
5.987905067631149603e-01
6.937269489236469466e-01
0.000000000000000000e+00
-1.322826573375520016e-02
-4.575749056067510145e-02
5.932860670204570530e-01
6.794278966121189978e-01
6.180480967120930424e-01
5.693739096150459700e-01
3.443922736851109945e-01
4.409090820652180054e-01
4.842998393467859986e-01
5.185139398778869646e-01
5.477747053878230243e-01
1.303337684950059971e-01
1.003705451175630065e-01
1.553360374650619991e-01
5.622928644564749723e-01
5.502283530550939883e-01
5.502283530550939883e-01
5.198279937757189773e-01
6.117233080073419815e-01
6.324572921847240181e-01
6.364878963533650014e-01
6.117233080073419815e-01
6.148972160331349635e-01
4.756711883244300054e-01
5.340261060561349860e-01
6.283889300503120445e-01
4.698220159781629768e-01
6.031443726201819455e-01
5.145477526602859619e-01
6.875289612146340268e-01
6.570558528571039947e-01
6.222140229662950217e-01
4.014005407815440241e-01
4.393326938302630214e-01
3.654879848909000084e-01
4.014005407815440241e-01
4.913616938342729723e-01
6.344772701607319654e-01
6.020599913279619519e-01
5.965970956264600167e-01
6.454222693490919704e-01
6.473829701146199822e-01
6.042260530844699717e-01
5.740312677277189524e-01
5.185139398778869646e-01
4.996870826184039993e-01
2.118929906993809870e-02
-6.048074738138149720e-02
-6.048074738138149720e-02
6.665179805548809844e-01
6.354837468149120427e-01
6.314437690131720071e-01
5.831987739686229633e-01
-1.249387366083000023e-01
-1.426675035687320070e-01
-7.058107428570729869e-02
-1.023729087095589935e-01
6.532125137753439503e-01
5.526682161121929671e-01
6.901960800285139586e-01
6.314437690131720071e-01
6.394864892685859781e-01
6.830470382388500461e-01
5.954962218255740458e-01
5.658478186735179660e-01
5.575072019056579453e-01
6.414741105040999702e-01
6.720978579357179683e-01
5.877109650189109580e-01
6.618126855372610251e-01
6.981005456233899675e-01
5.910646070264989893e-01
6.972293427597180404e-01
7.323937598229689483e-01
6.414741105040999702e-01
7.581546219673900300e-01
6.190933306267429881e-01
6.981005456233899675e-01
4.756711883244300054e-01
5.563025007672870448e-01
4.742162640762550008e-01
5.185139398778869646e-01
4.139268515822509820e-02
1.335389083702180069e-01
1.139433523068369980e-01
1.703333929878040123e-02
