0 1 2 |PI655981|0.005453859777572529
3 4 5 |PI655978|0.00025618475371057254
6 7 8 9 10 |PI656015|0.05485256505232161
11 12 |PI253986|0.0013158998259271719
13 14 |PI642998|0.0009461172473574921
15 16 |PI330196|0.002866167835125084
17 18 19 20 21 |PI452692|0.003806194136612211
22 23 24 25 26 |PI533998|0.0006367127697880632
27 |PI329333|0.0
28 |PI329351|0.0
29 30 31 |PI226096|0.01839246790062159
32 33 34 |PI542718|0.002501987673402438
35 36 37 38 |PI329403|0.003451267232457561
39 40 |PI329617|0.00023104546107877058
41 |PI570393|0.0
42 43 44 45 46 |PI563329|0.00582953079141016
47 |PI562994|0.0
48 49 50 51 |PI329570|0.0001152510093172714
52 53 54 55 |PI329710|0.0016783687856816896
56 57 |PI619838|0.008546131639368511
58 59 60 61 |PI329702|0.0018825273562041586
62 |PI563009|0.0
63 64 65 66 |PI156268|0.005745834110242752
67 |PI330167|0.0
68 69 70 71 |PI570145|0.01177703677404759
72 73 74 75 |PI329569|0.000536549731126822
76 |PI569886|0.0
77 78 79 80 |PI563330|0.00301236455047008
81 |PI329605|0.0
82 |PI562991|0.0
83 84 85 |PI226096|0.01839246790062159
86 |PI655983|0.0
87 88 89 90 91 |PI656015|0.05485256505232161
92 93 |PI329584|0.0017802869240381633
94 |PI329510|0.0
95 96 97 |PI656065|1.3445972399862269e-05
98 99 100 |PI576401|0.0007876270253049394
101 102 103 104 |PI564163|0.002356061721872342
105 106 107 108 |PI251672|0.004216147878766992
109 |PI513898|0.0
110 111 |PI569423|0.01200799421693844
112 |PI329510|0.0
113 |PI562971|0.0
114 |PI563348|0.0
115 |PI167093|0.0
116 117 118 |PI226096|0.01839246790062159
119 120 121 122 123 |PI533998|0.0006367127697880632
124 125 126 127 128 |PI329301|0.0033743261614459013
129 130 |PI521290|0.005065990101708227
131 132 133 134 |PI585577|0.001763934294480153
135 |PI569460|0.0
136 |PI562981|0.0
137 |PI585461|0.0
138 139 |PI569427|0.027530100639422073
140 |PI563196|0.0
141 142 143 144 145 146 |PI154844|0.00073709432645869
147 148 149 150 151 152 153 |PI330181|0.10860363572498177
154 155 156 |PI535792|0.0002246027530755291
157 158 159 160 |PI329569|0.000536549731126822
161 162 163 164 |PI330185|0.0018940525794037349
165 166 |PI152694|0.014923471760352821
167 168 169 170 171 |PI330168|0.0009022086017530838
172 173 174 175 |PI563330|0.00301236455047008
176 177 178 179 |PI155149|0.007783607913842113
180 181 182 183 |PI550604|0.00796085199821927
184 |PI563009|0.0
185 186 |PI156487|0.004292957908640441
187 188 189 190 |PI535793|0.0009708718939156548
191 |PI329605|0.0
192 |PI535785|0.0
193 194 195 196 |PI564163|0.002356061721872342
197 |PI569453|0.0
198 199 |PI619838|0.008546131639368511
200 201 202 203 |PI534165|0.0007255693510965584
204 205 206 207 208 |PI562970|0.007636308507806576
209 |PI329351|0.0
210 211 212 |PI655981|0.005453859777572529
213 |PI329440|0.0
214 215 216 217 |PI526905|0.04152534277980095
218 |PI330167|0.0
219 |PI255744|0.0
220 221 |PI156203|0.0006468602857945845
222 |PI35038|0.0
223 |PI570031|0.0
224 225 226 227 |PI181899|0.0005208673846341871
228 229 230 |PI569446|0.0734324979820526
231 232 233 234 |PI329710|0.0016783687856816896
235 |PI569447|0.0
236 |PI329673|0.0
237 238 239 240 |PI455217|0.006279854590586779
241 242 |PI569443|0.004201234273108803
243 244 245 |PI656065|1.3445972399862269e-05
246 247 248 249 |PI570145|0.01177703677404759
250 251 252 |PI655978|0.00025618475371057254
253 254 255 256 |PI562732|0.0007355019240690365
257 |PI562730|0.0
258 |PI569886|0.0
259 260 261 262 263 264 |PI297155|0.01693947006603673
265 266 267 268 |PI197542|0.08959259508604518
269 270 271 |PI533902|0.000366624402756883
272 |PI655983|0.0
273 274 275 276 |PI329702|0.0018825273562041586
277 278 279 280 |PI452544|0.04895841205762727
281 282 283 284 |PI561840|0.0034339922639382943
285 286 |PI329665|0.0019623402670795598
287 288 289 290 291 |PI593916|0.005941345747809095
292 293 294 295 |PI152963|0.005245834088318544
296 297 |PI569421|0.10861507550001824
298 299 |PI156393|0.008554158671655609
300 301 302 303 |PI157804|0.010498200925750321
304 305 306 |PI452542|0.00033470192644919234
307 308 |PI329584|0.0017802869240381633
309 310 |PI570109|0.002928597904966442
311 312 313 314 315 |PI656015|0.05485256505232161
316 |PI329333|0.0
317 318 |PI253986|0.0013158998259271719
319 320 321 322 323 |PI196049|0.0003673865185939795
324 325 326 327 |PI569148|0.01095690517562813
328 329 330 331 |PI329570|0.0001152510093172714
332 333 334 335 |PI576399|0.01679231399041669
336 337 338 339 340 |PI569452|0.06160441366153484
341 342 343 344 |PI181083|0.0037355294128003217
345 346 347 |PI329435|0.0003696539360637128
348 349 350 |PI329614|0.002534442864852724
351 352 353 |PI533792|0.00014131885767844476
354 355 356 357 358 |PI563332|0.019482804094122175
359 360 361 362 |PI540518|0.0009418854980967516
363 364 365 |PI330182|0.0009959646783803072
366 |PI570393|0.0
367 |PI329465|0.0
368 369 370 |PI213900|0.0014712972894357441
371 372 373 |PI181080|0.0006626287989664565
374 375 376 377 |PI156268|0.005745834110242752
378 379 380 381 |PI329310|0.0025326345844865024
382 |PI330169|0.0
383 384 385 |PI329865|0.0015087332586064615
386 387 388 389 |PI535794|0.0008398638082848094
390 |PI653616|0.0
391 392 393 |PI329394|0.001403004119088876
394 |PI329501|0.0
395 396 397 |PI542718|0.002501987673402438
398 399 400 401 402 |PI569097|0.04419551460530759
403 404 405 |PI337689|0.007396848621380756
406 407 408 409 |PI329403|0.003451267232457561
410 411 412 413 |PI300119|0.0022006348444234586
414 415 |PI569422|0.01600506722748504
416 417 |PI156018|0.003683505656902006
418 |PI196586|0.0
419 420 |PI643016|0.0034835167432606
421 422 423 |PI527045|0.00033652366129488975
424 425 426 427 428 |PI92270|0.07194555813549645
429 430 431 432 |PI329519|0.001586336807126797
433 434 |PI329841|3.57234159090018e-05
435 436 |PI253986|0.0013158998259271719
437 438 439 440 |PI329843|0.004058261990732769
441 442 443 444 445 |PI452692|0.003806194136612211
446 447 448 |PI329300|0.0029280963917299543
449 450 451 452 453 |PI329256|0.0018258954564436265
454 455 456 457 |PI329511|0.001970946824633022
458 |PI570073|0.0
459 460 |PI253986|0.0013158998259271719
461 462 |PI642998|0.0009461172473574921
463 464 |PI329617|0.00023104546107877058
465 |PI562994|0.0
466 |PI570076|0.0
467 468 469 470 471 |PI562985|0.006766617095259811
472 |PI152860|0.0
473 |PI562991|0.0
474 475 476 |PI576401|0.0007876270253049394
477 478 |PI330196|0.002866167835125084
479 480 |PI152728|0.001474619301803387
481 |PI563002|0.0
482 483 484 485 486 |PI563329|0.00582953079141016
487 488 489 490 |PI585577|0.001763934294480153
491 |PI563002|0.0
492 493 494 495 496 |PI452692|0.003806194136612211
497 |PI562730|0.0
498 |PI562981|0.0
499 500 |PI505735|8.472077904968612e-05
501 |PI562991|0.0
502 |PI562994|0.0
503 504 |PI521290|0.005065990101708227
505 |PI562971|0.0
506 507 508 509 |PI452544|0.04895841205762727
510 |PI167093|0.0
511 |PI152727|0.0
512 |PI513898|0.0
513 514 515 516 517 |PI563332|0.019482804094122175
518 519 520 521 |PI562732|0.0007355019240690365
522 523 524 525 526 527 |PI154844|0.00073709432645869
528 529 530 531 532 |PI563329|0.00582953079141016
533 534 535 536 |PI455217|0.006279854590586779
537 538 |PI253986|0.0013158998259271719
539 540 541 |PI452542|0.00033470192644919234
542 543 544 545 |PI534165|0.0007255693510965584
546 547 548 549 550 |PI562970|0.007636308507806576
551 552 553 554 555 |PI562985|0.006766617095259811
556 557 558 559 |PI563330|0.00301236455047008
560 561 562 563 564 |PI562985|0.006766617095259811
565 566 |PI521290|0.005065990101708227
567 568 569 570 571 |PI562970|0.007636308507806576
572 573 574 575 |PI562732|0.0007355019240690365
576 577 578 579 580 581 582 583 |PI52606|0.021633585098582844
584 585 586 |PI533792|0.00014131885767844476
587 588 589 590 |PI576399|0.01679231399041669
591 |PI653616|0.0
592 593 594 |PI533902|0.000366624402756883
595 |PI330167|0.0
596 |PI563009|0.0
597 |PI330169|0.0
598 599 600 601 |PI569148|0.01095690517562813
602 603 604 |PI337689|0.007396848621380756
605 |PI35038|0.0
606 607 608 609 610 |PI330168|0.0009022086017530838
611 |PI35038|0.0
612 613 614 |PI329394|0.001403004119088876
615 616 |PI329841|3.57234159090018e-05
617 618 619 |PI329300|0.0029280963917299543
620 621 622 623 624 |PI329301|0.0033743261614459013
625 |PI563348|0.0
626 627 628 |PI329865|0.0015087332586064615
629 630 631 |PI329614|0.002534442864852724
632 633 634 635 |PI329702|0.0018825273562041586
636 |PI167093|0.0
637 |PI330169|0.0
638 639 |PI330196|0.002866167835125084
640 |PI329440|0.0
641 642 643 |PI329435|0.0003696539360637128
644 645 646 647 |PI329710|0.0016783687856816896
648 |PI329465|0.0
649 650 651 652 |PI329519|0.001586336807126797
653 654 655 656 657 |PI569097|0.04419551460530759
658 659 |PI329617|0.00023104546107877058
660 |PI563196|0.0
661 662 663 664 |PI329570|0.0001152510093172714
665 666 667 668 |PI329843|0.004058261990732769
669 670 |PI329665|0.0019623402670795598
671 |PI329333|0.0
672 |PI329510|0.0
673 |PI329673|0.0
674 675 676 677 678 |PI329256|0.0018258954564436265
679 |PI329605|0.0
680 |PI585461|0.0
681 682 683 684 |PI329569|0.000536549731126822
685 686 687 |PI330182|0.0009959646783803072
688 689 690 691 692 693 694 |PI330181|0.10860363572498177
695 696 697 698 |PI534165|0.0007255693510965584
699 700 701 702 |PI329310|0.0025326345844865024
703 704 705 706 |PI329511|0.001970946824633022
707 |PI563002|0.0
708 |PI330167|0.0
709 710 |PI329584|0.0017802869240381633
711 712 713 714 |PI330185|0.0018940525794037349
715 716 717 718 |PI329403|0.003451267232457561
719 |PI329351|0.0
720 721 722 |PI213900|0.0014712972894357441
723 |PI329501|0.0
724 725 726 727 |PI564163|0.002356061721872342
