0 1 2 3 4 5 |PI655981|0.061497741635823895
6 7 8 9 10 11 12 13 14 15 16 |PI655978|0.6761376528379316
17 18 19 20 21 22 23 24 25 26 27 28 29 30 31 32 33 34 35 36 37 |PI656015|0.46155638945632904
38 39 40 41 42 43 44 45 |PI253986|0.24138660626516786
46 47 48 49 50 51 |PI642998|0.2069351085409875
52 53 54 55 56 57 |PI330196|0.08200553774140461
58 59 60 61 62 63 64 65 66 67 68 69 70 71 |PI452692|0.06458667162350215
72 73 74 75 76 77 78 79 80 81 82 83 |PI533998|0.03233093248611978
84 85 86 |PI329333|0.00037871735615789635
87 88 89 90 |PI329351|0.0007292912275748936
91 92 93 94 95 96 97 98 99 |PI226096|0.4572140035691835
100 101 102 103 104 105 106 107 108 109 |PI542718|1.4780568972996029
110 111 112 113 114 115 116 117 118 119 120 121 |PI329403|0.02518554064703139
122 123 124 125 126 127 |PI329617|0.06924953736615429
128 129 130 |PI570393|0.0035945071780847707
131 132 133 134 135 136 137 138 139 140 141 142 143 144 145 |PI563329|0.06125245505012755
146 147 148 |PI562994|0.004861831690637998
149 150 151 152 153 154 155 156 157 158 159 160 161 162 163 164 |PI329570|0.03532725237442046
165 166 167 168 169 170 |PI329710|0.017012970034786506
171 172 173 174 175 176 |PI619838|0.06436216751041303
177 178 179 180 181 182 183 184 185 186 187 188 189 |PI329702|0.04544174528085701
190 191 192 193 |PI563009|0.0015919203385870721
194 195 196 197 198 199 200 201 202 203 204 |PI156268|0.11783119143232827
205 206 207 208 |PI330167|0.005499308756033144
209 210 211 212 213 214 215 216 217 |PI570145|0.10821622938816572
218 219 220 221 222 223 224 225 226 227 228 229 230 231 232 |PI329569|0.220454320566176
233 234 235 |PI569886|0.0016847587257652083
236 237 238 239 240 241 242 243 244 |PI563330|0.042262040767622855
245 246 247 248 |PI329605|0.004341652417852718
249 250 251 |PI562991|0.01910774667267099
252 253 254 255 256 257 258 259 260 |PI226096|0.4572140035691835
261 262 263 264 |PI655983|0.0042468047264302405
265 266 267 268 269 270 271 272 273 274 275 276 277 278 279 280 281 282 283 284 285 |PI656015|0.46155638945632904
286 287 288 289 290 291 |PI329584|0.02189388348048399
292 293 294 |PI329510|0.007646143043545541
295 296 297 298 299 300 301 302 303 |PI656065|0.21755721052387553
304 305 306 307 308 309 310 311 312 313 314 315 |PI576401|0.1819712010031138
316 317 318 319 320 321 322 323 324 325 326 327 |PI564163|0.12921917631582452
328 329 330 331 332 333 334 335 336 |PI251672|0.03639317745497395
337 338 339 |PI513898|0.0030221948808571326
340 341 342 343 344 345 346 |PI569423|0.1192640162036119
347 348 349 |PI329510|0.007646143043545541
350 351 352 353 |PI562971|0.0017310880199131703
354 355 356 357 |PI563348|0.004714862110126906
358 359 360 361 |PI167093|0.009178597252937595
362 363 364 365 366 367 368 369 370 |PI226096|0.4572140035691835
371 372 373 374 375 376 377 378 379 380 381 382 |PI533998|0.03233093248611978
383 384 385 386 387 388 389 390 391 392 393 394 395 |PI329301|0.1745107452469718
396 397 398 399 400 401 |PI521290|0.0648585759363986
402 403 404 405 406 407 408 409 410 411 412 413 |PI585577|0.04749101039201096
414 415 416 417 |PI569460|0.016648963670357106
418 419 420 |PI562981|0.0062628179579433734
421 422 423 424 |PI585461|0.011071427135743966
425 426 427 428 429 430 |PI569427|0.15420968693342418
431 432 433 434 |PI563196|0.0055387302933962
435 436 437 438 439 440 441 442 443 444 445 446 447 |PI154844|0.01504152534971056
448 449 450 451 452 453 454 455 456 457 458 459 460 461 462 463 464 465 466 |PI330181|0.7991476774417201
467 468 469 470 471 472 473 474 475 476 477 478 |PI535792|0.6378523878803676
479 480 481 482 483 484 485 486 487 488 489 490 491 492 493 |PI329569|0.220454320566176
494 495 496 497 498 499 500 501 502 |PI330185|0.06472426746613377
503 504 505 506 507 508 |PI152694|0.15810422597178223
509 510 511 512 513 514 515 516 |PI330168|0.009408431978433199
517 518 519 520 521 522 523 524 525 |PI563330|0.042262040767622855
526 527 528 529 530 531 532 533 534 535 |PI155149|0.39879794338632685
536 537 538 539 540 541 542 543 544 |PI550604|0.059379790869246434
545 546 547 548 |PI563009|0.0015919203385870721
549 550 551 552 553 554 555 |PI156487|0.05316257133487571
556 557 558 559 560 561 562 563 564 565 566 567 568 569 570 |PI535793|0.22402893621651407
571 572 573 574 |PI329605|0.004341652417852718
575 576 577 |PI535785|0.00860384189599384
578 579 580 581 582 583 584 585 586 587 588 589 |PI564163|0.12921917631582452
590 591 592 |PI569453|0.00021239602385575906
593 594 595 596 597 598 |PI619838|0.06436216751041303
599 600 601 602 603 604 605 606 607 608 |PI534165|0.05898393256459922
609 610 611 612 613 614 615 616 617 618 619 620 |PI562970|0.0409412942275333
621 622 623 624 |PI329351|0.0007292912275748936
625 626 627 628 629 630 |PI655981|0.061497741635823895
631 632 633 |PI329440|0.02018651987020249
634 635 636 637 638 639 640 641 642 |PI526905|0.45015566274234664
643 644 645 646 |PI330167|0.005499308756033144
647 648 649 650 |PI255744|0.0022311625333467744
651 652 653 654 655 656 657 |PI156203|0.09233602964233764
658 659 660 661 |PI35038|0.0149186146948471
662 663 664 |PI570031|0.20565038874771632
665 666 667 668 669 670 671 672 673 674 675 676 |PI181899|0.17406959882416387
677 678 679 680 681 682 683 684 685 |PI569446|0.3718048164037179
686 687 688 689 690 691 |PI329710|0.017012970034786506
692 693 694 695 |PI569447|0.020404501745187452
696 697 698 |PI329673|0.014731574229580692
699 700 701 702 703 704 705 706 707 708 709 710 |PI455217|0.3103314467906252
711 712 713 714 715 716 717 |PI569443|0.10862370616655026
718 719 720 721 722 723 724 725 726 |PI656065|0.21755721052387553
727 728 729 730 731 732 733 734 735 |PI570145|0.10821622938816572
736 737 738 739 740 741 742 743 744 745 746 |PI655978|0.6761376528379316
747 748 749 750 751 752 753 754 |PI562732|0.01332402163484455
755 756 757 758 |PI562730|0.011648894642767828
759 760 761 |PI569886|0.0016847587257652083
762 763 764 765 766 767 768 769 770 771 772 773 774 775 776 777 778 779 |PI297155|0.11043829108941747
780 781 782 783 784 785 786 787 788 789 790 791 792 793 794 |PI197542|0.4476070059304748
795 796 797 798 799 800 801 802 803 804 805 806 |PI533902|0.2601121286692548
807 808 809 810 |PI655983|0.0042468047264302405
811 812 813 814 815 816 817 818 819 820 821 822 823 |PI329702|0.04544174528085701
824 825 826 827 828 829 830 831 832 833 834 835 836 837 838 |PI452544|0.36633669943049524
839 840 841 842 843 844 845 846 847 848 849 850 |PI561840|0.028972465378459017
851 852 853 854 855 856 857 |PI329665|0.01224281705596223
858 859 860 861 862 863 864 865 866 867 868 869 870 871 872 873 |PI593916|0.5956761686770204
874 875 876 877 878 879 880 881 882 883 884 885 886 887 888 |PI152963|0.10071776975620589
889 890 891 892 893 894 895 |PI569421|0.7970540998211544
896 897 898 899 900 901 902 |PI156393|0.052045752799724045
903 904 905 906 907 908 909 910 911 |PI157804|0.13737431829890806
912 913 914 915 916 917 918 919 920 |PI452542|0.04540620241515961
921 922 923 924 925 926 |PI329584|0.02189388348048399
927 928 929 930 931 932 |PI570109|0.1377915563245517
933 934 935 936 937 938 939 940 941 942 943 944 945 946 947 948 949 950 951 952 953 |PI656015|0.46155638945632904
954 955 956 |PI329333|0.00037871735615789635
957 958 959 960 961 962 963 964 |PI253986|0.24138660626516786
965 966 967 968 969 970 971 972 973 974 975 976 977 978 979 980 |PI196049|0.0120198459824498
981 982 983 984 985 986 987 988 989 990 991 992 993 994 995 996 997 |PI569148|0.3725779530853714
998 999 1000 1001 1002 1003 1004 1005 1006 1007 1008 1009 1010 1011 1012 1013 |PI329570|0.03532725237442046
1014 1015 1016 1017 1018 1019 1020 1021 1022 |PI576399|0.38344078198795367
1023 1024 1025 1026 1027 1028 1029 1030 1031 |PI569452|0.4182609815135096
1032 1033 1034 1035 1036 1037 1038 1039 1040 |PI181083|0.03115387193063494
1041 1042 1043 1044 1045 1046 |PI329435|0.004836507528035591
1047 1048 1049 1050 1051 1052 1053 1054 1055 |PI329614|0.030905258321318945
1056 1057 1058 1059 1060 1061 1062 1063 1064 1065 1066 |PI533792|0.035459004443832536
1067 1068 1069 1070 1071 1072 1073 1074 1075 1076 1077 1078 1079 1080 1081 |PI563332|0.4693283945538869
1082 1083 1084 1085 1086 1087 1088 1089 1090 |PI540518|0.04185972598803659
1091 1092 1093 1094 1095 1096 1097 1098 1099 1100 1101 |PI330182|0.7339858217829522
1102 1103 1104 |PI570393|0.0035945071780847707
1105 1106 1107 |PI329465|0.1920260557027974
1108 1109 1110 1111 1112 1113 1114 1115 1116 |PI213900|0.28325178764053055
1117 1118 1119 1120 1121 1122 1123 |PI181080|0.3944341355903926
1124 1125 1126 1127 1128 1129 1130 1131 1132 1133 1134 |PI156268|0.11783119143232827
1135 1136 1137 1138 1139 1140 1141 1142 1143 |PI329310|0.018615873276196182
1144 1145 1146 |PI330169|0.003447968261391147
1147 1148 1149 1150 1151 1152 |PI329865|0.011157250842995521
1153 1154 1155 1156 1157 1158 1159 1160 1161 |PI535794|0.27809347211437463
1162 1163 1164 |PI653616|0.011447844869240033
1165 1166 1167 |PI329394|0.015482439848441144
1168 1169 1170 |PI329501|0.33786422082714496
1171 1172 1173 1174 1175 1176 1177 1178 1179 1180 |PI542718|1.4780568972996029
1181 1182 1183 1184 1185 1186 1187 1188 1189 1190 1191 1192 1193 1194 1195 1196 1197 1198 |PI569097|0.47306732897450526
1199 1200 1201 1202 1203 1204 |PI337689|0.1800795584949798
1205 1206 1207 1208 1209 1210 1211 1212 1213 1214 1215 1216 |PI329403|0.02518554064703139
1217 1218 1219 1220 1221 1222 1223 1224 1225 |PI300119|0.025864073626035433
1226 1227 1228 1229 1230 1231 |PI569422|0.08569067674406737
1232 1233 1234 1235 1236 1237 |PI156018|0.07240646540223637
1238 1239 1240 |PI196586|0.051120113896986896
1241 1242 1243 1244 1245 1246 |PI643016|0.019112379736336584
1247 1248 1249 1250 1251 1252 1253 1254 1255 |PI527045|1.0302010588137682
1256 1257 1258 1259 1260 1261 1262 1263 1264 1265 1266 1267 1268 1269 1270 1271 1272 1273 1274 |PI92270|0.49747997189674137
1275 1276 1277 1278 1279 1280 1281 1282 1283 1284 1285 1286 1287 1288 1289 1290 1291 1292 |PI329519|0.25409105745751376
1293 1294 1295 1296 1297 1298 1299 1300 1301 1302 1303 1304 |PI329841|0.36313041042127286
1305 1306 1307 1308 1309 1310 1311 1312 |PI253986|0.24138660626516786
1313 1314 1315 1316 1317 1318 1319 1320 1321 1322 1323 1324 1325 1326 1327 1328 1329 |PI329843|0.15882174336920607
1330 1331 1332 1333 1334 1335 1336 1337 1338 1339 1340 1341 1342 1343 |PI452692|0.06458667162350215
1344 1345 1346 1347 1348 1349 |PI329300|0.06499986016904238
1350 1351 1352 1353 1354 1355 1356 1357 1358 1359 1360 1361 1362 1363 1364 |PI329256|0.7422216188345784
1365 1366 1367 1368 1369 1370 |PI329511|0.021863690646919415
1371 1372 1373 1374 |PI570073|0.041915470613465095
1375 1376 1377 1378 1379 1380 1381 1382 |PI253986|0.24138660626516786
1383 1384 1385 1386 1387 1388 |PI642998|0.2069351085409875
1389 1390 1391 1392 1393 1394 |PI329617|0.06924953736615429
1395 1396 1397 |PI562994|0.004861831690637998
1398 1399 1400 1401 |PI570076|0.009623013659931191
1402 1403 1404 1405 1406 1407 1408 1409 1410 1411 1412 1413 1414 1415 1416 1417 |PI562985|0.11132373291020456
1418 1419 1420 1421 |PI152860|0.0017106567158763322
1422 1423 1424 |PI562991|0.01910774667267099
1425 1426 1427 1428 1429 1430 1431 1432 1433 1434 1435 1436 |PI576401|0.1819712010031138
1437 1438 1439 1440 1441 1442 |PI330196|0.08200553774140461
1443 1444 1445 1446 1447 |PI152728|0.011087974218813742
1448 1449 1450 1451 |PI563002|0.0005270691368561403
1452 1453 1454 1455 1456 1457 1458 1459 1460 1461 1462 1463 1464 1465 1466 |PI563329|0.06125245505012755
1467 1468 1469 1470 1471 1472 1473 1474 1475 1476 1477 1478 |PI585577|0.04749101039201096
1479 1480 1481 1482 |PI563002|0.0005270691368561403
1483 1484 1485 1486 1487 1488 1489 1490 1491 1492 1493 1494 1495 1496 |PI452692|0.06458667162350215
1497 1498 1499 1500 |PI562730|0.011648894642767828
1501 1502 1503 |PI562981|0.0062628179579433734
1504 1505 1506 1507 1508 1509 1510 1511 |PI505735|0.017580646996896244
1512 1513 1514 |PI562991|0.01910774667267099
1515 1516 1517 |PI562994|0.004861831690637998
1518 1519 1520 1521 1522 1523 |PI521290|0.0648585759363986
1524 1525 1526 1527 |PI562971|0.0017310880199131703
1528 1529 1530 1531 1532 1533 1534 1535 1536 1537 1538 1539 1540 1541 1542 |PI452544|0.36633669943049524
1543 1544 1545 1546 |PI167093|0.009178597252937595
1547 1548 1549 1550 |PI152727|0.005687212046977604
1551 1552 1553 |PI513898|0.0030221948808571326
1554 1555 1556 1557 1558 1559 1560 1561 1562 1563 1564 1565 1566 1567 1568 |PI563332|0.4693283945538869
1569 1570 1571 1572 1573 1574 1575 1576 |PI562732|0.01332402163484455
1577 1578 1579 1580 1581 1582 1583 1584 1585 1586 1587 1588 1589 |PI154844|0.01504152534971056
1590 1591 1592 1593 1594 1595 1596 1597 1598 1599 1600 1601 1602 1603 1604 |PI563329|0.06125245505012755
1605 1606 1607 1608 1609 1610 1611 1612 1613 1614 1615 1616 |PI455217|0.3103314467906252
1617 1618 1619 1620 1621 1622 1623 1624 |PI253986|0.24138660626516786
1625 1626 1627 1628 1629 1630 1631 1632 1633 |PI452542|0.04540620241515961
1634 1635 1636 1637 1638 1639 1640 1641 1642 1643 |PI534165|0.05898393256459922
1644 1645 1646 1647 1648 1649 1650 1651 1652 1653 1654 1655 |PI562970|0.0409412942275333
1656 1657 1658 1659 1660 1661 1662 1663 1664 1665 1666 1667 1668 1669 1670 1671 |PI562985|0.11132373291020456
1672 1673 1674 1675 1676 1677 1678 1679 1680 |PI563330|0.042262040767622855
1681 1682 1683 1684 1685 1686 1687 1688 1689 1690 1691 1692 1693 1694 1695 1696 |PI562985|0.11132373291020456
1697 1698 1699 1700 1701 1702 |PI521290|0.0648585759363986
1703 1704 1705 1706 1707 1708 1709 1710 1711 1712 1713 1714 |PI562970|0.0409412942275333
1715 1716 1717 1718 1719 1720 1721 1722 |PI562732|0.01332402163484455
1723 1724 1725 1726 1727 1728 1729 1730 1731 1732 1733 1734 1735 1736 1737 1738 1739 1740 1741 1742 1743 |PI52606|0.22941834755352727
1744 1745 1746 1747 1748 1749 1750 1751 1752 1753 1754 |PI533792|0.035459004443832536
1755 1756 1757 1758 1759 1760 1761 1762 1763 |PI576399|0.38344078198795367
1764 1765 1766 |PI653616|0.011447844869240033
1767 1768 1769 1770 1771 1772 1773 1774 1775 1776 1777 1778 |PI533902|0.2601121286692548
1779 1780 1781 1782 |PI330167|0.005499308756033144
1783 1784 1785 1786 |PI563009|0.0015919203385870721
1787 1788 1789 |PI330169|0.003447968261391147
1790 1791 1792 1793 1794 1795 1796 1797 1798 1799 1800 1801 1802 1803 1804 1805 1806 |PI569148|0.3725779530853714
1807 1808 1809 1810 1811 1812 |PI337689|0.1800795584949798
1813 1814 1815 1816 |PI35038|0.0149186146948471
1817 1818 1819 1820 1821 1822 1823 1824 |PI330168|0.009408431978433199
1825 1826 1827 1828 |PI35038|0.0149186146948471
1829 1830 1831 |PI329394|0.015482439848441144
1832 1833 1834 1835 1836 1837 1838 1839 1840 1841 1842 1843 |PI329841|0.36313041042127286
1844 1845 1846 1847 1848 1849 |PI329300|0.06499986016904238
1850 1851 1852 1853 1854 1855 1856 1857 1858 1859 1860 1861 1862 |PI329301|0.1745107452469718
1863 1864 1865 1866 |PI563348|0.004714862110126906
1867 1868 1869 1870 1871 1872 |PI329865|0.011157250842995521
1873 1874 1875 1876 1877 1878 1879 1880 1881 |PI329614|0.030905258321318945
1882 1883 1884 1885 1886 1887 1888 1889 1890 1891 1892 1893 1894 |PI329702|0.04544174528085701
1895 1896 1897 1898 |PI167093|0.009178597252937595
1899 1900 1901 |PI330169|0.003447968261391147
1902 1903 1904 1905 1906 1907 |PI330196|0.08200553774140461
1908 1909 1910 |PI329440|0.02018651987020249
1911 1912 1913 1914 1915 1916 |PI329435|0.004836507528035591
1917 1918 1919 1920 1921 1922 |PI329710|0.017012970034786506
1923 1924 1925 |PI329465|0.1920260557027974
1926 1927 1928 1929 1930 1931 1932 1933 1934 1935 1936 1937 1938 1939 1940 1941 1942 1943 |PI329519|0.25409105745751376
1944 1945 1946 1947 1948 1949 1950 1951 1952 1953 1954 1955 1956 1957 1958 1959 1960 1961 |PI569097|0.47306732897450526
1962 1963 1964 1965 1966 1967 |PI329617|0.06924953736615429
1968 1969 1970 1971 |PI563196|0.0055387302933962
1972 1973 1974 1975 1976 1977 1978 1979 1980 1981 1982 1983 1984 1985 1986 1987 |PI329570|0.03532725237442046
1988 1989 1990 1991 1992 1993 1994 1995 1996 1997 1998 1999 2000 2001 2002 2003 2004 |PI329843|0.15882174336920607
2005 2006 2007 2008 2009 2010 2011 |PI329665|0.01224281705596223
2012 2013 2014 |PI329333|0.00037871735615789635
2015 2016 2017 |PI329510|0.007646143043545541
2018 2019 2020 |PI329673|0.014731574229580692
2021 2022 2023 2024 2025 2026 2027 2028 2029 2030 2031 2032 2033 2034 2035 |PI329256|0.7422216188345784
2036 2037 2038 2039 |PI329605|0.004341652417852718
2040 2041 2042 2043 |PI585461|0.011071427135743966
2044 2045 2046 2047 2048 2049 2050 2051 2052 2053 2054 2055 2056 2057 2058 |PI329569|0.220454320566176
2059 2060 2061 2062 2063 2064 2065 2066 2067 2068 2069 |PI330182|0.7339858217829522
2070 2071 2072 2073 2074 2075 2076 2077 2078 2079 2080 2081 2082 2083 2084 2085 2086 2087 2088 |PI330181|0.7991476774417201
2089 2090 2091 2092 2093 2094 2095 2096 2097 2098 |PI534165|0.05898393256459922
2099 2100 2101 2102 2103 2104 2105 2106 2107 |PI329310|0.018615873276196182
2108 2109 2110 2111 2112 2113 |PI329511|0.021863690646919415
2114 2115 2116 2117 |PI563002|0.0005270691368561403
2118 2119 2120 2121 |PI330167|0.005499308756033144
2122 2123 2124 2125 2126 2127 |PI329584|0.02189388348048399
2128 2129 2130 2131 2132 2133 2134 2135 2136 |PI330185|0.06472426746613377
2137 2138 2139 2140 2141 2142 2143 2144 2145 2146 2147 2148 |PI329403|0.02518554064703139
2149 2150 2151 2152 |PI329351|0.0007292912275748936
2153 2154 2155 2156 2157 2158 2159 2160 2161 |PI213900|0.28325178764053055
2162 2163 2164 |PI329501|0.33786422082714496
2165 2166 2167 2168 2169 2170 2171 2172 2173 2174 2175 2176 |PI564163|0.12921917631582452
