6.690267655096310273e-01
1.176322772640459924e+00
1.201633861169649986e+00
1.304511041809949923e+00
7.570232465074600015e-01
8.073549220576039520e-01
2.856915219677089862e-02
0.000000000000000000e+00
1.687060688339889980e+00
1.655351828612549925e+00
1.495695162624069985e+00
0.000000000000000000e+00
2.856915219677089862e-02
1.243281350022019949e-01
1.823749360308269951e+00
1.739848102699329990e+00
1.678071905112640039e+00
2.387868595871160127e-01
4.222330006830479765e-01
6.690267655096310273e-01
6.135316529179269951e-01
8.479969065549499696e-01
7.398481026993279919e-01
1.427606172781900051e+00
1.608809242675520057e+00
1.169925001442309931e+00
-8.109661756099829644e-01
-9.714308478032289695e-01
-7.131188522118390161e-01
1.226508529808679970e+00
1.214124805352849945e+00
6.959938131099000502e-01
3.895668117627260063e-01
9.927684307689239596e-01
8.953026213333069583e-01
7.655347463629770255e-01
4.114262457264650230e-01
9.259994185562230307e-01
2.060047383669939780e+00
2.097610796626419916e+00
1.500802053057159968e+00
8.639384504239719931e-01
6.229303509201770117e-01
1.641546029087519898e+00
1.480265122054460036e+00
1.176322772640459924e+00
1.790772037862000010e+00
1.891419186846079903e+00
5.459683691052930055e-01
1.682573297347579988e+00
1.687060688339889980e+00
1.700439718141089962e+00
2.419538891513779877e+00
2.344828496997439782e+00
1.959770155211469911e+00
1.704871964456349920e+00
1.989139007368230017e+00
1.669026765509630028e+00
2.087462841250339984e+00
2.207892851641330090e+00
1.687060688339889980e+00
1.978195629681650081e+00
1.851998837112450058e+00
1.378511623253730001e+00
2.220329954879559864e+00
2.330558400030799948e+00
2.263034405833789897e+00
2.192194165283349871e+00
2.201633861169649986e+00
1.871843648509319946e+00
1.843983844048330045e+00
2.060047383669939780e+00
-1.046973786666930001e-01
-4.150374992788439799e-01
-2.863041851566410223e-01
-1.520030934450500026e-01
-1.520030934450500026e-01
-4.394334758759709664e-02
1.505596765753809962e-01
-2.914634565951650103e-02
2.856915219677089862e-02
2.387868595871160127e-01
7.038932789139799862e-02
1.243281350022019949e-01
2.313245851787559815e+00
2.283921772307619946e+00
2.266036893995320156e+00
2.353323291162900066e+00
2.286881147788160096e+00
2.319039815562539797e+00
2.350497247084129882e+00
1.634987322828800049e-01
-1.520030934450500026e-01
2.856915219677089862e-02
-6.438561897747250296e-01
3.448284969974410030e-01
2.750070474998699832e-01
1.632268215499510067e+00
4.329594072761059897e-01
1.395062799517579943e+00
3.673710656485290049e-01
8.406426478847460471e-02
-2.058893689053570064e+00
-1.888968687611259911e+00
6.040713236688609600e-01
7.570232465074600015e-01
-9.159357352115260476e-01
1.356143810225280077e+00
1.007195501404200000e+00
1.505890929729960082e+00
2.207892851641330090e+00
2.097610796626419916e+00
2.347665656300970127e+00
2.364572432295859894e+00
2.327687364176049822e+00
2.176322772640459924e+00
2.432959407276110042e+00
2.130930869826450191e+00
2.518535138982179955e+00
2.035623909730719827e+00
2.056583528366370039e+00
2.035623909730719827e+00
2.405992359675840131e+00
1.827819024617320043e+00
2.260025655961459989e+00
1.718087583960520082e+00
1.726831217032489985e+00
1.996388746447619988e+00
2.046141781644720048e+00
2.117695042669749839e+00
1.970853654340479988e+00
2.250961573533219795e+00
2.277984747299770074e+00
2.381283372503780082e+00
1.851998837112450058e+00
1.963474123974890073e+00
1.673556423990139930e+00
1.981852653289740029e+00
1.895302621333309956e+00
1.839959587489530035e+00
2.370164280540210111e+00
2.475084882948780152e+00
2.272023189061049830e+00
1.937344392150230021e+00
1.744161095570410103e+00
1.918386234446350036e+00
2.035623909730719827e+00
2.094236069845770043e+00
1.925999418556219922e+00
1.827819024617320043e+00
2.127633279725869908e+00
2.028569152196769920e+00
2.163498732282879811e+00
1.933572638261020105e+00
2.032100843167019999e+00
2.100977647724819874e+00
2.114367024952000129e+00
2.032100843167019999e+00
2.198494153639079851e+00
2.160274831408589780e+00
2.042644337408490163e+00
2.173127433480659843e+00
1.794935662803540000e+00
1.794935662803540000e+00
1.469885976274460049e+00
1.970853654340479988e+00
2.257010618206019892e+00
2.053111336459560121e+00
1.937344392150230021e+00
1.891419186846079903e+00
2.173127433480659843e+00
1.682573297347579988e+00
1.726831217032489985e+00
1.803227036434930097e+00
1.169925001442309931e+00
1.189033824390020033e+00
1.438292851579149989e+00
2.153805336079039900e+00
2.477677327565309895e+00
2.173127433480659843e+00
2.339137384919590001e+00
2.298658315564519938e+00
2.324810603420480071e+00
2.017921907997259900e+00
2.117695042669749839e+00
2.381283372503780082e+00
2.350497247084129882e+00
1.641546029087519898e+00
2.042644337408490163e+00
2.386810946472219808e+00
1.790772037862000010e+00
1.851998837112450058e+00
1.879705766282290025e+00
1.895302621333309956e+00
1.500802053057159968e+00
1.422233000683049919e+00
1.536052900240209906e+00
1.117695042669750061e+00
9.634741239748859654e-01
1.709290635723359930e+00
1.632268215499510067e+00
1.632268215499510067e+00
2.073820233291669979e+00
2.060047383669939780e+00
2.003602236680200210e+00
1.985500430304889985e+00
2.097610796626419916e+00
2.130930869826450191e+00
2.189033824390020033e+00
2.124328135002199858e+00
2.381283372503780082e+00
2.443606651475609848e+00
2.042644337408490163e+00
2.358958825832329964e+00
1.879705766282290025e+00
1.526068811667590008e+00
1.531069492725950054e+00
1.831877241191669947e+00
7.048719644563530284e-01
1.220329954879560086e+00
1.049630767724599956e+00
1.981852653289740029e+00
2.144046369616710024e+00
1.970853654340479988e+00
1.895302621333309956e+00
1.263034405833789897e+00
1.769771739249450082e+00
2.356143810225280077e+00
2.150559676575380053e+00
2.250961573533219795e+00
2.028569152196769920e+00
2.007195501404200222e+00
1.664482840364680083e+00
2.003602236680200210e+00
1.959770155211469911e+00
2.060047383669939780e+00
2.235727059838060082e+00
2.295723024539969792e+00
2.153805336079039900e+00
1.803227036434930097e+00
1.691534164919199945e+00
1.963474123974890073e+00
2.084064264788469956e+00
1.823749360308269951e+00
2.220329954879559864e+00
2.014355292977069833e+00
1.922197848396369979e+00
2.107687869314370133e+00
2.000000000000000000e+00
2.204766750654609808e+00
2.289834465177510214e+00
1.963474123974890073e+00
1.634987322828800049e-01
-1.520030934450500026e-01
2.856915219677089862e-02
-6.438561897747250296e-01
3.448284969974410030e-01
2.750070474998699832e-01
1.632268215499510067e+00
4.329594072761059897e-01
1.395062799517579943e+00
1.475084882948779930e+00
1.495695162624069985e+00
1.580145484423379987e+00
1.636914580355880000e+00
2.387868595871160127e-01
4.222330006830479765e-01
6.690267655096310273e-01
6.135316529179269951e-01
8.479969065549499696e-01
7.398481026993279919e-01
1.427606172781900051e+00
1.608809242675520057e+00
1.169925001442309931e+00
-8.109661756099829644e-01
-9.714308478032289695e-01
-7.131188522118390161e-01
1.226508529808679970e+00
1.214124805352849945e+00
6.959938131099000502e-01
3.895668117627260063e-01
9.927684307689239596e-01
8.953026213333069583e-01
7.655347463629770255e-01
4.114262457264650230e-01
9.259994185562230307e-01
2.094236069845770043e+00
2.232660756790279866e+00
2.117695042669749839e+00
1.761285273361619996e+00
1.952333566369689910e+00
2.014355292977069833e+00
2.339137384919590001e+00
2.182692297516190205e+00
2.134220939760630209e+00
1.910732661902909912e+00
1.843983844048330045e+00
1.070389327891400066e+00
7.570232465074600015e-01
7.570232465074600015e-01
7.311832415722000489e-01
1.405992359675839909e+00
1.843983844048330045e+00
1.427606172781900051e+00
7.048719644563530284e-01
5.058909297299569729e-01
7.136958148433589777e-01
1.238786859587120093e+00
1.195347598322219929e+00
1.014355292977070055e+00
3.334237337251920175e-01
5.459683691052930055e-01
3.673710656485290049e-01
1.510961919277379994e+00
1.298658315564519938e+00
1.594548549550349970e+00
1.375035237499349916e-01
4.436066514756150103e-01
3.785116232537300007e-01
4.956951626240689857e-01
5.655971758542249761e-01
6.690267655096310273e-01
-4.344028241457750239e-01
-2.863041851566410223e-01
-3.770696490798229883e-01
-2.914634565951650103e-02
5.658352836636749983e-02
1.505596765753809962e-01
1.063502942306159937e+00
1.189033824390020033e+00
1.372952097911829927e+00
1.157043710145579940e+00
1.560714954474480054e+00
1.378511623253730001e+00
1.459431618637299977e+00
1.636914580355880000e+00
1.570462931026040065e+00
1.823749360308269951e+00
1.835924074254380089e+00
1.713695814843360088e+00
1.895302621333309956e+00
1.859969548221029889e+00
1.910732661902909912e+00
1.847996906554949970e+00
1.042644337408489941e+00
1.182692297516189983e+00
1.405992359675839909e+00
2.339137384919590001e+00
2.182692297516190205e+00
2.134220939760630209e+00
2.077242998932459894e+00
2.134220939760630209e+00
2.189033824390020033e+00
2.163498732282879811e+00
2.087462841250339984e+00
2.060047383669939780e+00
2.229587922740650097e+00
2.070389327891399844e+00
1.744161095570410103e+00
1.963474123974890073e+00
1.944858445807539971e+00
1.786596361890810059e+00
1.634987322828800049e-01
-1.520030934450500026e-01
2.856915219677089862e-02
-6.438561897747250296e-01
3.448284969974410030e-01
2.750070474998699832e-01
1.632268215499510067e+00
4.329594072761059897e-01
1.395062799517579943e+00
-1.046973786666930001e-01
-4.150374992788439799e-01
-2.863041851566410223e-01
-1.520030934450500026e-01
-1.520030934450500026e-01
-4.394334758759709664e-02
1.505596765753809962e-01
-2.914634565951650103e-02
2.856915219677089862e-02
2.387868595871160127e-01
7.038932789139799862e-02
1.243281350022019949e-01
1.731183241572199938e+00
2.090853430451109940e+00
2.107687869314370133e+00
1.622930350920180009e+00
1.475084882948779930e+00
1.748461233004040105e+00
8.399595874895320335e-01
2.424922088210689886e+00
2.333423733725190186e+00
2.364572432295859894e+00
2.025028794491519957e+00
2.049630767724599956e+00
2.107687869314370133e+00
2.395062799517579943e+00
2.195347598322220151e+00
2.358958825832329964e+00
1.811471030529840043e+00
1.722466024471090096e+00
2.080657663345229835e+00
2.163498732282879811e+00
1.790772037862000010e+00
1.815575428862570062e+00
2.032100843167019999e+00
1.584962500721160072e+00
2.049630767724599956e+00
1.664482840364680083e+00
1.765534746362980023e+00
1.952333566369689910e+00
1.560714954474480054e+00
2.010779838753240067e+00
1.432959407276110042e+00
1.847996906554949970e+00
1.974529312483880084e+00
1.855989697308479958e+00
1.618238655595449993e+00
1.970853654340479988e+00
2.053111336459560121e+00
1.859969548221029889e+00
1.823749360308269951e+00
2.056583528366370039e+00
2.000000000000000000e+00
1.819668183496460090e+00
1.847996906554949970e+00
1.867896463992660072e+00
1.632268215499510067e+00
1.157043710145579940e+00
7.655347463629770255e-01
1.378511623253730001e+00
2.169925001442309931e+00
2.173127433480659843e+00
2.032100843167019999e+00
2.014355292977069833e+00
1.948600847493360044e+00
1.989139007368230017e+00
2.090853430451109940e+00
2.189033824390020033e+00
2.226508529808679970e+00
2.124328135002199858e+00
2.223422549934940040e+00
1.967168607532630009e+00
1.887525270741589933e+00
1.978195629681650081e+00
1.851998837112450058e+00
1.992768430768919963e+00
1.914564523493939907e+00
2.266036893995320156e+00
1.914564523493939907e+00
2.214124805352850167e+00
2.111031312388739867e+00
2.097610796626419916e+00
1.063502942306159937e+00
2.144046369616710024e+00
1.344828496997440004e+00
1.435529297707010057e-02
1.375035237499349916e-01
7.038932789139799862e-02
-2.009126939259960054e-01
-2.009126939259960054e-01
1.176322772640459924e+00
1.232660756790280088e+00
1.310340120612150105e+00
2.277984747299770074e+00
1.937344392150230021e+00
2.056583528366370039e+00
1.244887059123529927e+00
1.575312330687439921e+00
1.709290635723359930e+00
9.761079662642230259e-02
-1.449956969511509951e-02
0.000000000000000000e+00
1.641546029087519898e+00
2.035623909730719827e+00
1.925999418556219922e+00
1.763227726404630047e-01
6.135316529179269951e-01
9.761079662642230259e-02
7.048719644563530284e-01
1.220329954879560086e+00
1.049630767724599956e+00
1.981852653289740029e+00
2.144046369616710024e+00
1.970853654340479988e+00
1.895302621333309956e+00
1.263034405833789897e+00
1.769771739249450082e+00
2.356143810225280077e+00
2.150559676575380053e+00
2.250961573533219795e+00
2.028569152196769920e+00
2.007195501404200222e+00
1.664482840364680083e+00
2.198494153639079851e+00
2.319039815562539797e+00
1.963474123974890073e+00
2.400537929583729913e+00
1.500802053057159968e+00
2.003602236680200210e+00
2.117695042669749839e+00
2.316145742293359788e+00
2.127633279725869908e+00
2.144046369616710024e+00
2.080657663345229835e+00
2.137503523749940015e+00
1.422233000683049919e+00
1.269033146455240013e+00
1.304511041809949923e+00
1.655351828612549925e+00
1.632268215499510067e+00
1.594548549550349970e+00
1.627606838129650013e+00
1.570462931026040065e+00
1.599317793698229906e+00
1.427606172781900051e+00
1.803227036434930097e+00
2.235727059838060082e+00
2.295723024539969792e+00
2.153805336079039900e+00
1.803227036434930097e+00
1.691534164919199945e+00
1.963474123974890073e+00
2.084064264788469956e+00
1.823749360308269951e+00
2.220329954879559864e+00
6.040713236688609600e-01
8.718436485093179478e-01
1.021479727410449900e+00
1.550900664647520077e+00
1.895302621333309956e+00
1.855989697308479958e+00
2.321928094887359961e+00
2.238786859587119871e+00
2.370164280540210111e+00
2.356143810225280077e+00
7.048719644563530284e-01
6.959938131099000502e-01
7.824085649273729848e-01
6.229303509201770117e-01
6.780719051126380403e-01
-4.394334758759709664e-02
4.436066514756150103e-01
6.135316529179269951e-01
7.907720378620000101e-01
1.790772037862000010e+00
1.851998837112450058e+00
1.879705766282290025e+00
1.895302621333309956e+00
1.981852653289740029e+00
2.046141781644720048e+00
2.104336659814740162e+00
2.097610796626419916e+00
1.839959587489530035e+00
1.669026765509630028e+00
1.443606651475610070e+00
4.854268271702419923e-01
7.224660244710909840e-01
6.415460290875240057e-01
1.238786859587120093e+00
1.372952097911829927e+00
1.063502942306159937e+00
4.222330006830479765e-01
4.329594072761059897e-01
6.780719051126380403e-01
1.480265122054460036e+00
1.536052900240209906e+00
1.765534746362980023e+00
5.360529002402100174e-01
4.750848829487829827e-01
2.387868595871160127e-01
2.014355292977069833e+00
1.922197848396369979e+00
2.107687869314370133e+00
2.000000000000000000e+00
1.372952097911829927e+00
1.464668267003440105e+00
1.238786859587120093e+00
1.375035237499349916e-01
4.436066514756150103e-01
3.785116232537300007e-01
4.956951626240689857e-01
5.655971758542249761e-01
6.690267655096310273e-01
-4.344028241457750239e-01
-2.863041851566410223e-01
-3.770696490798229883e-01
-2.914634565951650103e-02
5.658352836636749983e-02
1.505596765753809962e-01
2.080657663345229835e+00
2.107687869314370133e+00
2.114367024952000129e+00
1.682573297347579988e+00
1.726831217032489985e+00
1.803227036434930097e+00
1.169925001442309931e+00
1.189033824390020033e+00
1.438292851579149989e+00
-4.150374992788439799e-01
-4.739311883324119901e-01
-2.344652536370230023e-01
-4.344028241457750239e-01
-2.863041851566410223e-01
-3.770696490798229883e-01
2.016338611696500138e-01
8.406426478847460471e-02
-3.400754415976219858e-01
1.375035237499349916e-01
2.204766750654609808e+00
2.080657663345229835e+00
2.097610796626419916e+00
1.906890595608520034e+00
1.807354922057599955e+00
1.815575428862570062e+00
2.053111336459560121e+00
2.017921907997259900e+00
1.799087306074000026e+00
1.709290635723359930e+00
1.432959407276110042e+00
1.803227036434930097e+00
2.353323291162900066e+00
2.286881147788160096e+00
2.319039815562539797e+00
2.350497247084129882e+00
6.690267655096310273e-01
1.176322772640459924e+00
1.201633861169649986e+00
1.304511041809949923e+00
7.570232465074600015e-01
8.073549220576039520e-01
2.090853430451109940e+00
2.304511041809949923e+00
1.959770155211469911e+00
2.868811477881619831e-01
4.005379295837290243e-01
4.222330006830479765e-01
1.646162657157890008e+00
2.100977647724819874e+00
1.316145742293360010e+00
2.868811477881619831e-01
2.630344058337940050e-01
2.868811477881619831e-01
1.985500430304889985e+00
2.097610796626419916e+00
2.130930869826450191e+00
2.189033824390020033e+00
1.427606172781900051e+00
1.485426827170239994e+00
1.560714954474480054e+00
1.495695162624069985e+00
1.992768430768919963e+00
1.963474123974890073e+00
1.925999418556219922e+00
1.944858445807539971e+00
1.448900951145130067e+00
1.757023246507460001e+00
1.130930869826449969e+00
1.448900951145130067e+00
1.344828496997440004e+00
1.124328135002200080e+00
1.226508529808679970e+00
9.927684307689239596e-01
2.017921907997259900e+00
1.875780063068489989e+00
1.687060688339889980e+00
1.422233000683049919e+00
1.310340120612150105e+00
8.073549220576039520e-01
8.073549220576039520e-01
6.322682154995129533e-01
1.763227726404630047e-01
4.436066514756150103e-01
5.058909297299569729e-01
1.014355292977070055e+00
8.073549220576039520e-01
1.077242998932459894e+00
-5.889368905356860001e-02
2.137503523749940015e+00
2.003602236680200210e+00
7.824085649273729848e-01
1.201633861169649986e+00
9.560566524124030074e-01
1.207892851641330090e+00
1.207892851641330090e+00
1.097610796626419916e+00
1.970853654340479988e+00
2.257010618206019892e+00
2.053111336459560121e+00
1.937344392150230021e+00
1.891419186846079903e+00
2.173127433480659843e+00
1.918386234446350036e+00
1.922197848396369979e+00
1.604071323668859961e+00
1.956056652412399899e+00
2.021479727410449900e+00
2.066950243924630115e+00
2.298658315564519938e+00
1.169925001442309931e+00
1.021479727410449900e+00
1.070389327891400066e+00
1.443606651475610070e+00
1.709290635723359930e+00
1.531069492725950054e+00
7.048719644563530284e-01
5.260688116675880099e-01
5.558161550616399493e-01
2.060047383669939780e+00
2.127633279725869908e+00
2.060047383669939780e+00
1.803227036434930097e+00
1.786596361890810059e+00
1.769771739249450082e+00
8.639384504239719931e-01
1.459431618637299977e+00
1.339137384919590001e+00
1.195347598322219929e+00
1.910732661902909912e+00
1.843983844048330045e+00
1.070389327891400066e+00
7.570232465074600015e-01
7.570232465074600015e-01
7.311832415722000489e-01
1.405992359675839909e+00
1.843983844048330045e+00
1.427606172781900051e+00
2.124328135002199858e+00
2.381283372503780082e+00
2.443606651475609848e+00
2.042644337408490163e+00
2.358958825832329964e+00
1.879705766282290025e+00
1.526068811667590008e+00
1.531069492725950054e+00
1.831877241191669947e+00
2.856915219677089862e-02
0.000000000000000000e+00
1.687060688339889980e+00
1.655351828612549925e+00
1.495695162624069985e+00
0.000000000000000000e+00
2.856915219677089862e-02
1.243281350022019949e-01
1.823749360308269951e+00
1.739848102699329990e+00
1.678071905112640039e+00
2.220329954879559864e+00
2.330558400030799948e+00
2.350497247084129882e+00
2.313245851787559815e+00
2.176322772640459924e+00
2.247927513443590097e+00
2.070389327891399844e+00
2.010779838753240067e+00
2.333423733725190186e+00
2.319039815562539797e+00
2.077242998932459894e+00
2.160274831408589780e+00
2.003602236680200210e+00
1.959770155211469911e+00
2.060047383669939780e+00
7.224660244710909840e-01
8.318772411916729448e-01
5.160151470036650201e-01
4.436066514756150103e-01
7.038932789139799862e-02
6.507645591169020083e-01
7.990873060740040223e-01
1.070389327891400066e+00
7.655347463629770255e-01
1.137503523749940015e+00
1.124328135002200080e+00
1.263034405833789897e+00
1.201633861169649986e+00
4.956951626240689857e-01
1.157043710145579940e+00
1.257010618206019892e+00
1.169925001442309931e+00
1.097610796626419916e+00
1.124328135002200080e+00
1.124328135002200080e+00
1.063502942306159937e+00
1.321928094887359961e+00
1.084064264788469956e+00
1.372952097911829927e+00
-2.009126939259960054e-01
-2.863041851566410223e-01
-3.584539709124759943e-01
1.084064264788469956e+00
1.516015147003660024e+00
1.459431618637299977e+00
1.056583528366370039e+00
1.035623909730720049e+00
2.010779838753240067e+00
2.016338611696500138e-01
1.110313123887440023e-01
4.436066514756150103e-01
1.077242998932459894e+00
7.224660244710909840e-01
9.855004303048849890e-01
2.856915219677089862e-02
2.856915219677089862e-02
1.634987322828800049e-01
1.316145742293360010e+00
1.333423733725189964e+00
1.257010618206019892e+00
1.475084882948779930e+00
1.495695162624069985e+00
1.580145484423379987e+00
1.636914580355880000e+00
2.153805336079039900e+00
2.477677327565309895e+00
2.173127433480659843e+00
2.339137384919590001e+00
2.298658315564519938e+00
2.324810603420480071e+00
2.017921907997259900e+00
2.117695042669749839e+00
2.381283372503780082e+00
2.350497247084129882e+00
1.641546029087519898e+00
2.042644337408490163e+00
2.386810946472219808e+00
1.350497247084130104e+00
1.339137384919590001e+00
1.226508529808679970e+00
1.827819024617320043e+00
1.906890595608520034e+00
1.405992359675839909e+00
3.448284969974410030e-01
3.504972470841329901e-01
1.375035237499349916e-01
1.887525270741589933e+00
1.704871964456349920e+00
1.704871964456349920e+00
1.992768430768919963e+00
1.963474123974890073e+00
1.744161095570410103e+00
4.541758931858019821e-01
3.103401206121509937e-01
5.658352836636749983e-02
-1.449956969511509951e-02
3.673710656485290049e-01
-2.914634565951650103e-02
4.854268271702419923e-01
2.986583155645149978e-01
3.103401206121509937e-01
8.406426478847460471e-02
3.673710656485290049e-01
2.750070474998699832e-01
1.929790997718600076e+00
1.778208576398089935e+00
2.003602236680200210e+00
2.028569152196769920e+00
1.811471030529840043e+00
1.709290635723359930e+00
1.831877241191669947e+00
1.485426827170239994e+00
1.495695162624069985e+00
1.321928094887359961e+00
-4.394334758759709664e-02
-1.520030934450500026e-01
-2.914634565951650103e-02
1.925999418556219922e+00
1.459431618637299977e+00
1.929790997718600076e+00
-3.959286763311389845e-01
4.222330006830479765e-01
5.753123306874370346e-01
5.260688116675880099e-01
-1.449956969511509951e-02
4.264433740849370158e-02
2.141248053528470030e-01
2.176322772640459924e+00
2.283921772307619946e+00
2.137503523749940015e+00
1.731183241572199938e+00
1.891419186846079903e+00
1.735522177296539903e+00
1.773996325111169892e+00
1.443606651475610070e+00
1.182692297516189983e+00
1.490570130446200015e+00
1.646162657157890008e+00
1.454175893185799984e+00
1.570462931026040065e+00
1.739848102699329990e+00
1.201633861169649986e+00
2.025028794491519957e+00
2.007195501404200222e+00
2.021479727410449900e+00
2.053111336459560121e+00
1.286881147788160096e+00
-1.681227588083269997e-01
1.505596765753809962e-01
1.952333566369689910e+00
1.989139007368230017e+00
1.981852653289740029e+00
1.933572638261020105e+00
1.541019153133559971e+00
1.367371065648530060e+00
1.815575428862570062e+00
1.130930869826449969e+00
6.135316529179269951e-01
1.182692297516189983e+00
1.111031312388740089e+00
6.040713236688609600e-01
1.521050736900960043e+00
1.695993813109899939e+00
1.570462931026040065e+00
1.395062799517579943e+00
2.430285272977779965e+00
1.992768430768919963e+00
2.100977647724819874e+00
2.370164280540210111e+00
2.327687364176049822e+00
2.472487771462740014e+00
1.773996325111169892e+00
2.176322772640459924e+00
2.163498732282879811e+00
2.094236069845770043e+00
2.232660756790279866e+00
2.117695042669749839e+00
1.761285273361619996e+00
1.952333566369689910e+00
2.014355292977069833e+00
1.887525270741589933e+00
1.443606651475610070e+00
1.726831217032489985e+00
1.367371065648530060e+00
1.084064264788469956e+00
7.824085649273729848e-01
2.387868595871160127e-01
4.222330006830479765e-01
6.690267655096310273e-01
6.135316529179269951e-01
8.479969065549499696e-01
7.398481026993279919e-01
1.427606172781900051e+00
1.608809242675520057e+00
1.169925001442309931e+00
-8.109661756099829644e-01
-9.714308478032289695e-01
-7.131188522118390161e-01
1.226508529808679970e+00
1.214124805352849945e+00
6.959938131099000502e-01
3.895668117627260063e-01
9.927684307689239596e-01
8.953026213333069583e-01
7.655347463629770255e-01
4.114262457264650230e-01
9.259994185562230307e-01
2.313245851787559815e+00
2.283921772307619946e+00
2.266036893995320156e+00
2.060047383669939780e+00
2.097610796626419916e+00
1.500802053057159968e+00
8.639384504239719931e-01
6.229303509201770117e-01
1.641546029087519898e+00
1.480265122054460036e+00
1.176322772640459924e+00
2.378511623253730001e+00
2.137503523749940015e+00
2.195347598322220151e+00
2.201633861169649986e+00
2.073820233291669979e+00
2.153805336079039900e+00
2.163498732282879811e+00
2.295723024539969792e+00
2.211012193485510036e+00
2.443606651475609848e+00
2.378511623253730001e+00
2.144046369616710024e+00
2.403267722339299972e+00
2.211012193485510036e+00
2.272023189061049830e+00
2.375734538583159861e+00
1.922197848396369979e+00
1.914564523493939907e+00
1.560714954474480054e+00
2.104336659814740162e+00
1.157043710145579940e+00
1.560714954474480054e+00
4.956951626240689857e-01
2.856915219677089862e-02
4.222330006830479765e-01
7.224660244710909840e-01
1.669026765509630028e+00
1.333423733725189964e+00
8.399595874895320335e-01
8.479969065549499696e-01
1.831877241191669947e+00
1.416839741912830020e+00
2.042644337408490163e+00
1.827819024617320043e+00
2.127633279725869908e+00
2.028569152196769920e+00
2.163498732282879811e+00
1.933572638261020105e+00
2.032100843167019999e+00
2.100977647724819874e+00
2.114367024952000129e+00
2.032100843167019999e+00
2.198494153639079851e+00
2.160274831408589780e+00
2.042644337408490163e+00
2.173127433480659843e+00
1.794935662803540000e+00
1.794935662803540000e+00
1.469885976274460049e+00
7.824085649273729848e-01
8.797057662822880264e-01
7.136958148433589777e-01
2.347665656300970127e+00
2.422233000683049919e+00
1.811471030529840043e+00
9.634741239748859654e-01
1.361768359419150087e+00
1.244887059123529927e+00
2.140778655782800133e+00
2.182692297516190205e+00
1.922197848396369979e+00
2.137503523749940015e+00
2.121015400961370201e+00
2.097610796626419916e+00
1.952333566369689910e+00
4.264433740849370158e-02
2.114367024952000129e+00
9.486008474933560475e-01
1.014355292977070055e+00
6.415460290875240057e-01
1.257010618206019892e+00
1.157043710145579940e+00
8.155754288625729487e-01
9.634741239748859654e-01
7.990873060740040223e-01
1.007195501404200000e+00
0.000000000000000000e+00
-4.394334758759709664e-02
-1.520030934450500026e-01
0.000000000000000000e+00
2.856915219677089862e-02
-1.360615495760280069e-01
2.153805336079039900e+00
1.744161095570410103e+00
1.948600847493360044e+00
1.550900664647520077e+00
1.704871964456349920e+00
1.748461233004040105e+00
1.871843648509319946e+00
1.744161095570410103e+00
1.580145484423379987e+00
-4.739311883324119901e-01
-6.438561897747250296e-01
-7.612131404128840151e-01
-7.131188522118390161e-01
-6.438561897747250296e-01
-7.369655941662059950e-01
-3.584539709124759943e-01
-4.739311883324119901e-01
-4.941090702700430271e-01
-8.926733809708739531e-02
-4.739311883324119901e-01
1.757023246507460001e+00
1.765534746362980023e+00
1.516015147003660024e+00
9.259994185562230307e-01
1.722466024471090096e+00
1.687060688339889980e+00
3.219280948873620152e-01
5.849625007211559646e-01
4.005379295837290243e-01
2.389566811762729781e+00
2.035623909730719827e+00
2.247927513443590097e+00
2.169925001442309931e+00
2.307428525192249946e+00
2.185866545311330178e+00
5.558161550616399493e-01
7.739963251111730003e-01
4.646682670034439910e-01
5.849625007211559646e-01
6.322682154995129533e-01
8.399595874895320335e-01
1.130930869826449969e+00
7.655347463629770255e-01
1.000000000000000000e+00
1.773996325111169892e+00
2.207892851641330090e+00
1.769771739249450082e+00
1.435529297707010057e-02
-1.202942337177120014e-01
-1.360615495760280069e-01
1.906890595608520034e+00
1.722466024471090096e+00
1.659924558402380068e+00
6.690267655096310273e-01
6.415460290875240057e-01
2.046141781644720048e+00
2.117695042669749839e+00
1.970853654340479988e+00
2.137503523749940015e+00
1.144046369616710024e+00
1.992768430768919963e+00
3.673710656485290049e-01
5.459683691052930055e-01
4.222330006830479765e-01
1.580145484423379987e+00
1.847996906554949970e+00
1.575312330687439921e+00
1.321928094887359961e+00
1.201633861169649986e+00
6.690267655096310273e-01
4.005379295837290243e-01
5.459683691052930055e-01
3.448284969974410030e-01
1.356143810225280077e+00
1.459431618637299977e+00
1.565597175854229972e+00
-2.009126939259960054e-01
1.500802053057159968e+00
1.422233000683049919e+00
1.536052900240209906e+00
1.117695042669750061e+00
9.634741239748859654e-01
1.709290635723359930e+00
1.632268215499510067e+00
1.632268215499510067e+00
2.073820233291669979e+00
2.060047383669939780e+00
2.003602236680200210e+00
1.863938450423969995e+00
2.137503523749940015e+00
2.003602236680200210e+00
2.169925001442309931e+00
1.835924074254380089e+00
2.292781749227850163e+00
2.084064264788469956e+00
2.097610796626419916e+00
2.100977647724819874e+00
2.370164280540210111e+00
2.226508529808679970e+00
2.304511041809949923e+00
2.084064264788469956e+00
2.392317422778759806e+00
2.298658315564519938e+00
2.403267722339299972e+00
2.269033146455239791e+00
2.260025655961459989e+00
2.111031312388739867e+00
5.360529002402100174e-01
3.673710656485290049e-01
3.785116232537300007e-01
3.785116232537300007e-01
4.750848829487829827e-01
4.956951626240689857e-01
6.135316529179269951e-01
3.785116232537300007e-01
1.839959587489530035e+00
1.739848102699329990e+00
1.580145484423379987e+00
2.392317422778759806e+00
2.384049806795160098e+00
2.124328135002199858e+00
5.849625007211559646e-01
1.722466024471090096e+00
1.895302621333309956e+00
3.673710656485290049e-01
8.406426478847460471e-02
-2.058893689053570064e+00
-1.888968687611259911e+00
6.040713236688609600e-01
7.570232465074600015e-01
-9.159357352115260476e-01
1.356143810225280077e+00
1.007195501404200000e+00
1.505890929729960082e+00
1.811471030529840043e+00
1.918386234446350036e+00
2.097610796626419916e+00
5.058909297299569729e-01
5.849625007211559646e-01
6.322682154995129533e-01
4.329594072761059897e-01
3.334237337251920175e-01
5.160151470036650201e-01
1.545968369105289897e+00
9.634741239748859654e-01
2.042644337408490163e+00
2.028569152196769920e+00
1.867896463992660072e+00
2.298658315564519938e+00
1.713695814843360088e+00
1.827819024617320043e+00
1.996388746447619988e+00
1.599317793698229906e+00
1.201633861169649986e+00
1.899175630480510080e+00
2.153805336079039900e+00
1.077242998932459894e+00
2.137503523749940015e+00
2.207892851641330090e+00
2.097610796626419916e+00
2.347665656300970127e+00
2.364572432295859894e+00
2.327687364176049822e+00
2.176322772640459924e+00
2.432959407276110042e+00
2.130930869826450191e+00
2.518535138982179955e+00
2.035623909730719827e+00
2.056583528366370039e+00
2.035623909730719827e+00
1.416839741912830020e+00
1.475084882948779930e+00
1.485426827170239994e+00
1.339137384919590001e+00
1.257010618206019892e+00
1.344828496997440004e+00
1.655351828612549925e+00
1.664482840364680083e+00
1.757023246507460001e+00
1.887525270741589933e+00
1.944858445807539971e+00
1.827819024617320043e+00
1.448900951145130067e+00
1.104336659814739940e+00
1.604071323668859961e+00
2.104336659814740162e+00
1.867896463992660072e+00
1.875780063068489989e+00
1.454175893185799984e+00
1.464668267003440105e+00
1.389566811762730003e+00
1.400537929583729913e+00
1.459431618637299977e+00
1.906890595608520034e+00
2.066950243924630115e+00
2.260025655961459989e+00
2.238786859587119871e+00
2.039138393906959834e+00
1.867896463992650080e+00
1.978195629681650081e+00
9.708536543404829855e-01
8.875252707415880460e-01
8.479969065549499696e-01
-9.714308478032289695e-01
-8.236772273595369676e-01
-9.159357352115260476e-01
1.321928094887359961e+00
1.263034405833789897e+00
1.765534746362980023e+00
1.411426245726469908e+00
9.411063109464320453e-01
1.344828496997440004e+00
1.304511041809949923e+00
1.416839741912830020e+00
1.608809242675520057e+00
-1.360615495760280069e-01
-7.013416844354849466e-01
9.761079662642230259e-02
2.066950243924630115e+00
1.996388746447619988e+00
1.941106310946429936e+00
1.500802053057159968e+00
1.454175893185799984e+00
1.475084882948779930e+00
1.150559676575380053e+00
1.485426827170239994e+00
1.510961919277379994e+00
1.594548549550349970e+00
2.121015400961370201e+00
1.526068811667590008e+00
1.959770155211469911e+00
2.080657663345229835e+00
1.669026765509630028e+00
1.480265122054460036e+00
1.948600847493360044e+00
1.104336659814739940e+00
1.310340120612150105e+00
1.464668267003440105e+00
1.608809242675520057e+00
1.722466024471090096e+00
4.750848829487829827e-01
8.399595874895320335e-01
4.222330006830479765e-01
1.257010618206019892e+00
1.819668183496460090e+00
2.087462841250339984e+00
1.687060688339889980e+00
1.599317793698229906e+00
1.541019153133559971e+00
6.959938131099000502e-01
9.411063109464320453e-01
7.907720378620000101e-01
2.443606651475609848e+00
2.144046369616710024e+00
2.427606172781899829e+00
2.235727059838060082e+00
2.104336659814740162e+00
2.137503523749940015e+00
2.060047383669939780e+00
2.097610796626419916e+00
1.500802053057159968e+00
8.639384504239719931e-01
6.229303509201770117e-01
1.641546029087519898e+00
1.480265122054460036e+00
1.176322772640459924e+00
2.144046369616710024e+00
1.344828496997440004e+00
2.104336659814740162e+00
1.321928094887359961e+00
1.350497247084130104e+00
1.608809242675520057e+00
1.580145484423379987e+00
1.773996325111169892e+00
1.035623909730720049e+00
1.070389327891400066e+00
9.411063109464320453e-01
2.053111336459560121e+00
2.087462841250339984e+00
2.163498732282879811e+00
1.304511041809949923e+00
1.560714954474480054e+00
1.778208576398089935e+00
2.087462841250339984e+00
2.207892851641330090e+00
1.687060688339889980e+00
1.978195629681650081e+00
1.851998837112450058e+00
1.378511623253730001e+00
2.220329954879559864e+00
2.330558400030799948e+00
2.263034405833789897e+00
2.192194165283349871e+00
2.201633861169649986e+00
1.871843648509319946e+00
1.843983844048330045e+00
2.060047383669939780e+00
2.053111336459560121e+00
2.097610796626419916e+00
1.695993813109899939e+00
1.475084882948779930e+00
1.541019153133559971e+00
2.035623909730719827e+00
1.959770155211469911e+00
1.887525270741589933e+00
2.017921907997259900e+00
-5.889368905356860001e-02
-2.914634565951650103e-02
1.243281350022019949e-01
1.333423733725189964e+00
1.459431618637299977e+00
1.214124805352849945e+00
1.435529297707010057e-02
-5.889368905356860001e-02
-7.400058144377689995e-02
2.010779838753240067e+00
1.632268215499510067e+00
1.636914580355880000e+00
2.124328135002199858e+00
2.269033146455239791e+00
1.978195629681650081e+00
2.223422549934940040e+00
1.879705766282290025e+00
2.263034405833789897e+00
1.831877241191669947e+00
1.361768359419150087e+00
1.726831217032489985e+00
1.887525270741589933e+00
2.060047383669939780e+00
2.097610796626419916e+00
1.500802053057159968e+00
8.639384504239719931e-01
6.229303509201770117e-01
1.641546029087519898e+00
1.480265122054460036e+00
1.176322772640459924e+00
1.790772037862000010e+00
1.891419186846079903e+00
5.459683691052930055e-01
1.682573297347579988e+00
1.687060688339889980e+00
1.700439718141089962e+00
2.405992359675840131e+00
1.827819024617320043e+00
2.260025655961459989e+00
1.718087583960520082e+00
1.726831217032489985e+00
1.996388746447619988e+00
2.035623909730719827e+00
2.094236069845770043e+00
1.925999418556219922e+00
2.021479727410449900e+00
2.280956313831060012e+00
2.232660756790279866e+00
2.201633861169649986e+00
1.664482840364680083e+00
2.010779838753240067e+00
2.100977647724819874e+00
2.364572432295859894e+00
2.327687364176049822e+00
2.176322772640459924e+00
1.815575428862570062e+00
1.963474123974890073e+00
1.641546029087519898e+00
1.811471030529840043e+00
2.021479727410449900e+00
1.974529312483880084e+00
1.887525270741589933e+00
1.214124805352849945e+00
1.361768359419150087e+00
1.292781749227849941e+00
2.176322772640459924e+00
2.144046369616710024e+00
2.257010618206019892e+00
2.182692297516190205e+00
2.204766750654609808e+00
2.289834465177510214e+00
1.963474123974890073e+00
7.048719644563530284e-01
5.058909297299569729e-01
7.136958148433589777e-01
1.238786859587120093e+00
1.195347598322219929e+00
1.014355292977070055e+00
3.334237337251920175e-01
5.459683691052930055e-01
3.673710656485290049e-01
1.510961919277379994e+00
1.298658315564519938e+00
1.594548549550349970e+00
2.419538891513779877e+00
2.344828496997439782e+00
1.959770155211469911e+00
1.704871964456349920e+00
1.989139007368230017e+00
1.669026765509630028e+00
1.887525270741589933e+00
1.863938450423969995e+00
1.887525270741589933e+00
1.608809242675520057e+00
1.819668183496460090e+00
1.790772037862000010e+00
1.803227036434930097e+00
1.851998837112450058e+00
1.819668183496460090e+00
2.250961573533219795e+00
2.277984747299770074e+00
2.381283372503780082e+00
1.851998837112450058e+00
1.963474123974890073e+00
1.673556423990139930e+00
1.981852653289740029e+00
1.895302621333309956e+00
1.839959587489530035e+00
2.370164280540210111e+00
2.475084882948780152e+00
2.272023189061049830e+00
1.937344392150230021e+00
1.744161095570410103e+00
1.918386234446350036e+00
2.163498732282879811e+00
1.790772037862000010e+00
1.815575428862570062e+00
2.032100843167019999e+00
1.584962500721160072e+00
2.049630767724599956e+00
1.664482840364680083e+00
1.765534746362980023e+00
1.952333566369689910e+00
1.560714954474480054e+00
2.010779838753240067e+00
1.432959407276110042e+00
1.790772037862000010e+00
1.803227036434930097e+00
1.851998837112450058e+00
1.819668183496460090e+00
2.087462841250339984e+00
2.207892851641330090e+00
1.687060688339889980e+00
1.978195629681650081e+00
1.851998837112450058e+00
1.378511623253730001e+00
2.220329954879559864e+00
2.330558400030799948e+00
2.263034405833789897e+00
2.192194165283349871e+00
2.201633861169649986e+00
1.871843648509319946e+00
1.843983844048330045e+00
2.060047383669939780e+00
2.333423733725190186e+00
2.319039815562539797e+00
2.077242998932459894e+00
2.160274831408589780e+00
1.970853654340479988e+00
2.053111336459560121e+00
1.859969548221029889e+00
1.978195629681650081e+00
1.967168607532630009e+00
2.077242998932459894e+00
2.104336659814740162e+00
2.339137384919590001e+00
2.277984747299770074e+00
2.272023189061049830e+00
2.207892851641330090e+00
2.204766750654609808e+00
2.289834465177510214e+00
1.963474123974890073e+00
2.035623909730719827e+00
2.094236069845770043e+00
1.925999418556219922e+00
2.395062799517579943e+00
2.195347598322220151e+00
2.358958825832329964e+00
1.811471030529840043e+00
1.722466024471090096e+00
2.080657663345229835e+00
2.077242998932459894e+00
2.134220939760630209e+00
2.189033824390020033e+00
2.163498732282879811e+00
1.350497247084130104e+00
1.339137384919590001e+00
1.226508529808679970e+00
1.827819024617320043e+00
1.906890595608520034e+00
1.405992359675839909e+00
3.448284969974410030e-01
3.504972470841329901e-01
1.375035237499349916e-01
1.887525270741589933e+00
1.704871964456349920e+00
1.704871964456349920e+00
1.992768430768919963e+00
1.963474123974890073e+00
1.744161095570410103e+00
1.744161095570410103e+00
1.963474123974890073e+00
1.944858445807539971e+00
1.786596361890810059e+00
2.087462841250339984e+00
2.137503523749940015e+00
2.070389327891399844e+00
2.263034405833789897e+00
1.823749360308269951e+00
1.835924074254380089e+00
1.713695814843360088e+00
1.757023246507460001e+00
1.765534746362980023e+00
1.516015147003660024e+00
9.259994185562230307e-01
1.722466024471090096e+00
1.687060688339889980e+00
3.219280948873620152e-01
5.849625007211559646e-01
4.005379295837290243e-01
2.389566811762729781e+00
2.035623909730719827e+00
2.247927513443590097e+00
2.169925001442309931e+00
2.307428525192249946e+00
2.185866545311330178e+00
2.220329954879559864e+00
2.330558400030799948e+00
2.350497247084129882e+00
2.313245851787559815e+00
2.176322772640459924e+00
2.247927513443590097e+00
2.070389327891399844e+00
2.010779838753240067e+00
1.948600847493360044e+00
1.989139007368230017e+00
2.090853430451109940e+00
2.189033824390020033e+00
2.226508529808679970e+00
2.124328135002199858e+00
2.223422549934940040e+00
1.967168607532630009e+00
1.887525270741589933e+00
1.978195629681650081e+00
1.851998837112450058e+00
1.992768430768919963e+00
1.914564523493939907e+00
2.250961573533219795e+00
2.277984747299770074e+00
2.381283372503780082e+00
1.851998837112450058e+00
1.963474123974890073e+00
1.673556423990139930e+00
1.981852653289740029e+00
1.895302621333309956e+00
1.839959587489530035e+00
2.370164280540210111e+00
2.475084882948780152e+00
2.272023189061049830e+00
1.937344392150230021e+00
1.744161095570410103e+00
1.918386234446350036e+00
1.169925001442309931e+00
1.021479727410449900e+00
1.070389327891400066e+00
1.443606651475610070e+00
1.709290635723359930e+00
1.531069492725950054e+00
7.048719644563530284e-01
5.260688116675880099e-01
5.558161550616399493e-01
2.060047383669939780e+00
2.127633279725869908e+00
2.060047383669939780e+00
2.060047383669939780e+00
2.097610796626419916e+00
1.500802053057159968e+00
8.639384504239719931e-01
6.229303509201770117e-01
1.641546029087519898e+00
1.480265122054460036e+00
1.176322772640459924e+00
2.430285272977779965e+00
1.992768430768919963e+00
2.100977647724819874e+00
2.370164280540210111e+00
2.327687364176049822e+00
2.472487771462740014e+00
1.773996325111169892e+00
2.176322772640459924e+00
2.163498732282879811e+00
-4.150374992788439799e-01
-4.739311883324119901e-01
-2.344652536370230023e-01
-4.344028241457750239e-01
-2.863041851566410223e-01
-3.770696490798229883e-01
2.016338611696500138e-01
8.406426478847460471e-02
-3.400754415976219858e-01
1.375035237499349916e-01
2.204766750654609808e+00
2.080657663345229835e+00
2.097610796626419916e+00
1.906890595608520034e+00
1.807354922057599955e+00
1.815575428862570062e+00
2.053111336459560121e+00
2.017921907997259900e+00
1.799087306074000026e+00
1.709290635723359930e+00
1.432959407276110042e+00
1.803227036434930097e+00
1.664482840364680083e+00
2.010779838753240067e+00
2.100977647724819874e+00
2.364572432295859894e+00
2.327687364176049822e+00
2.176322772640459924e+00
1.815575428862570062e+00
1.963474123974890073e+00
1.641546029087519898e+00
1.811471030529840043e+00
2.021479727410449900e+00
1.974529312483880084e+00
1.887525270741589933e+00
1.214124805352849945e+00
1.361768359419150087e+00
1.292781749227849941e+00
2.235727059838060082e+00
2.295723024539969792e+00
2.153805336079039900e+00
1.803227036434930097e+00
1.691534164919199945e+00
1.963474123974890073e+00
2.084064264788469956e+00
1.823749360308269951e+00
2.220329954879559864e+00
1.664482840364680083e+00
2.010779838753240067e+00
2.100977647724819874e+00
2.364572432295859894e+00
2.327687364176049822e+00
2.176322772640459924e+00
1.815575428862570062e+00
1.963474123974890073e+00
1.641546029087519898e+00
1.811471030529840043e+00
2.021479727410449900e+00
1.974529312483880084e+00
1.887525270741589933e+00
1.214124805352849945e+00
1.361768359419150087e+00
1.292781749227849941e+00
2.395062799517579943e+00
2.195347598322220151e+00
2.358958825832329964e+00
1.811471030529840043e+00
1.722466024471090096e+00
2.080657663345229835e+00
2.204766750654609808e+00
2.080657663345229835e+00
2.097610796626419916e+00
1.906890595608520034e+00
1.807354922057599955e+00
1.815575428862570062e+00
2.053111336459560121e+00
2.017921907997259900e+00
1.799087306074000026e+00
1.709290635723359930e+00
1.432959407276110042e+00
1.803227036434930097e+00
2.220329954879559864e+00
2.330558400030799948e+00
2.350497247084129882e+00
2.313245851787559815e+00
2.176322772640459924e+00
2.247927513443590097e+00
2.070389327891399844e+00
2.010779838753240067e+00
3.219280948873620152e-01
5.058909297299569729e-01
7.990873060740040223e-01
-3.584539709124759943e-01
-3.584539709124759943e-01
-2.863041851566410223e-01
6.135316529179269951e-01
6.415460290875240057e-01
4.854268271702419923e-01
4.646682670034439910e-01
5.459683691052930055e-01
8.559896973084809568e-01
1.395062799517579943e+00
1.321928094887359961e+00
1.077242998932459894e+00
7.655347463629770255e-01
4.854268271702419923e-01
6.599245584023779587e-01
6.690267655096310273e-01
8.237493603082729487e-01
1.298658315564519938e+00
-4.739311883324119901e-01
-6.438561897747250296e-01
-7.612131404128840151e-01
-7.131188522118390161e-01
-6.438561897747250296e-01
-7.369655941662059950e-01
-3.584539709124759943e-01
-4.739311883324119901e-01
-4.941090702700430271e-01
-8.926733809708739531e-02
-4.739311883324119901e-01
7.824085649273729848e-01
8.797057662822880264e-01
7.136958148433589777e-01
2.347665656300970127e+00
2.422233000683049919e+00
1.811471030529840043e+00
9.634741239748859654e-01
1.361768359419150087e+00
1.244887059123529927e+00
1.839959587489530035e+00
1.739848102699329990e+00
1.580145484423379987e+00
2.016338611696500138e-01
1.110313123887440023e-01
4.436066514756150103e-01
1.077242998932459894e+00
7.224660244710909840e-01
9.855004303048849890e-01
2.856915219677089862e-02
2.856915219677089862e-02
1.634987322828800049e-01
1.316145742293360010e+00
1.333423733725189964e+00
1.257010618206019892e+00
1.985500430304889985e+00
2.097610796626419916e+00
2.130930869826450191e+00
2.189033824390020033e+00
1.790772037862000010e+00
1.851998837112450058e+00
1.879705766282290025e+00
1.895302621333309956e+00
2.370164280540210111e+00
2.226508529808679970e+00
2.304511041809949923e+00
1.922197848396369979e+00
1.914564523493939907e+00
1.560714954474480054e+00
2.104336659814740162e+00
1.157043710145579940e+00
1.560714954474480054e+00
4.956951626240689857e-01
2.856915219677089862e-02
4.222330006830479765e-01
7.224660244710909840e-01
1.669026765509630028e+00
1.333423733725189964e+00
8.399595874895320335e-01
8.479969065549499696e-01
1.831877241191669947e+00
1.416839741912830020e+00
2.042644337408490163e+00
1.599317793698229906e+00
1.201633861169649986e+00
1.899175630480510080e+00
2.153805336079039900e+00
1.077242998932459894e+00
2.137503523749940015e+00
1.448900951145130067e+00
1.344828496997440004e+00
1.124328135002200080e+00
1.226508529808679970e+00
1.655351828612549925e+00
1.632268215499510067e+00
1.594548549550349970e+00
1.627606838129650013e+00
1.570462931026040065e+00
1.599317793698229906e+00
1.427606172781900051e+00
1.803227036434930097e+00
1.448900951145130067e+00
1.344828496997440004e+00
1.124328135002200080e+00
1.226508529808679970e+00
2.392317422778759806e+00
2.384049806795160098e+00
2.124328135002199858e+00
1.687060688339889980e+00
1.599317793698229906e+00
1.541019153133559971e+00
6.959938131099000502e-01
9.411063109464320453e-01
7.907720378620000101e-01
2.443606651475609848e+00
2.144046369616710024e+00
2.427606172781899829e+00
2.235727059838060082e+00
2.104336659814740162e+00
2.137503523749940015e+00
2.053111336459560121e+00
2.097610796626419916e+00
1.695993813109899939e+00
1.475084882948779930e+00
1.541019153133559971e+00
2.035623909730719827e+00
1.731183241572199938e+00
2.090853430451109940e+00
2.107687869314370133e+00
1.622930350920180009e+00
1.475084882948779930e+00
1.748461233004040105e+00
8.399595874895320335e-01
2.424922088210689886e+00
2.333423733725190186e+00
2.364572432295859894e+00
2.025028794491519957e+00
2.049630767724599956e+00
2.107687869314370133e+00
2.087462841250339984e+00
2.060047383669939780e+00
2.229587922740650097e+00
2.070389327891399844e+00
2.084064264788469956e+00
2.392317422778759806e+00
2.298658315564519938e+00
2.403267722339299972e+00
2.269033146455239791e+00
2.260025655961459989e+00
2.153805336079039900e+00
1.744161095570410103e+00
1.948600847493360044e+00
1.550900664647520077e+00
1.704871964456349920e+00
1.748461233004040105e+00
1.871843648509319946e+00
1.744161095570410103e+00
1.580145484423379987e+00
2.153805336079039900e+00
2.477677327565309895e+00
2.173127433480659843e+00
2.339137384919590001e+00
2.298658315564519938e+00
2.324810603420480071e+00
2.017921907997259900e+00
2.117695042669749839e+00
2.381283372503780082e+00
2.350497247084129882e+00
1.641546029087519898e+00
2.042644337408490163e+00
2.386810946472219808e+00
1.744161095570410103e+00
1.963474123974890073e+00
1.944858445807539971e+00
1.786596361890810059e+00
2.370164280540210111e+00
2.226508529808679970e+00
2.304511041809949923e+00
2.419538891513779877e+00
2.344828496997439782e+00
1.959770155211469911e+00
1.704871964456349920e+00
1.989139007368230017e+00
1.669026765509630028e+00
2.090853430451109940e+00
2.304511041809949923e+00
1.959770155211469911e+00
0.000000000000000000e+00
-4.394334758759709664e-02
-1.520030934450500026e-01
0.000000000000000000e+00
2.856915219677089862e-02
-1.360615495760280069e-01
1.970853654340479988e+00
2.257010618206019892e+00
2.053111336459560121e+00
1.937344392150230021e+00
1.891419186846079903e+00
2.173127433480659843e+00
2.137503523749940015e+00
1.144046369616710024e+00
1.992768430768919963e+00
2.121015400961370201e+00
1.526068811667590008e+00
1.959770155211469911e+00
2.080657663345229835e+00
1.669026765509630028e+00
1.480265122054460036e+00
1.948600847493360044e+00
1.104336659814739940e+00
1.310340120612150105e+00
1.464668267003440105e+00
1.608809242675520057e+00
1.722466024471090096e+00
4.750848829487829827e-01
8.399595874895320335e-01
4.222330006830479765e-01
1.257010618206019892e+00
1.819668183496460090e+00
2.087462841250339984e+00
1.811471030529840043e+00
1.918386234446350036e+00
2.097610796626419916e+00
5.058909297299569729e-01
5.849625007211559646e-01
6.322682154995129533e-01
4.329594072761059897e-01
3.334237337251920175e-01
5.160151470036650201e-01
1.545968369105289897e+00
9.634741239748859654e-01
2.042644337408490163e+00
2.028569152196769920e+00
1.867896463992660072e+00
2.298658315564519938e+00
1.713695814843360088e+00
1.827819024617320043e+00
1.996388746447619988e+00
2.405992359675840131e+00
1.827819024617320043e+00
2.260025655961459989e+00
1.718087583960520082e+00
1.726831217032489985e+00
1.996388746447619988e+00
2.169925001442309931e+00
2.173127433480659843e+00
2.032100843167019999e+00
2.014355292977069833e+00
1.827819024617320043e+00
2.127633279725869908e+00
2.028569152196769920e+00
2.163498732282879811e+00
1.933572638261020105e+00
2.032100843167019999e+00
2.100977647724819874e+00
2.114367024952000129e+00
2.032100843167019999e+00
2.198494153639079851e+00
2.160274831408589780e+00
2.042644337408490163e+00
2.173127433480659843e+00
1.794935662803540000e+00
1.794935662803540000e+00
1.469885976274460049e+00
2.144046369616710024e+00
1.344828496997440004e+00
2.104336659814740162e+00
1.321928094887359961e+00
1.350497247084130104e+00
1.608809242675520057e+00
1.580145484423379987e+00
1.773996325111169892e+00
1.035623909730720049e+00
1.070389327891400066e+00
9.411063109464320453e-01
2.053111336459560121e+00
2.087462841250339984e+00
2.163498732282879811e+00
1.304511041809949923e+00
1.560714954474480054e+00
1.778208576398089935e+00
1.929790997718600076e+00
1.778208576398089935e+00
2.003602236680200210e+00
2.028569152196769920e+00
1.811471030529840043e+00
1.709290635723359930e+00
1.831877241191669947e+00
2.313245851787559815e+00
2.283921772307619946e+00
2.266036893995320156e+00
2.339137384919590001e+00
2.182692297516190205e+00
2.134220939760630209e+00
2.021479727410449900e+00
2.066950243924630115e+00
2.298658315564519938e+00
1.959770155211469911e+00
1.887525270741589933e+00
2.017921907997259900e+00
-5.889368905356860001e-02
-2.914634565951650103e-02
1.243281350022019949e-01
1.333423733725189964e+00
1.459431618637299977e+00
1.214124805352849945e+00
1.435529297707010057e-02
-5.889368905356860001e-02
-7.400058144377689995e-02
2.010779838753240067e+00
1.632268215499510067e+00
1.636914580355880000e+00
2.014355292977069833e+00
1.922197848396369979e+00
2.107687869314370133e+00
2.000000000000000000e+00
1.823749360308269951e+00
2.056583528366370039e+00
2.000000000000000000e+00
1.819668183496460090e+00
7.048719644563530284e-01
1.220329954879560086e+00
1.049630767724599956e+00
1.981852653289740029e+00
2.144046369616710024e+00
1.970853654340479988e+00
1.895302621333309956e+00
1.263034405833789897e+00
1.769771739249450082e+00
2.356143810225280077e+00
2.150559676575380053e+00
2.250961573533219795e+00
2.028569152196769920e+00
2.007195501404200222e+00
1.664482840364680083e+00
1.773996325111169892e+00
2.207892851641330090e+00
1.769771739249450082e+00
1.435529297707010057e-02
-1.202942337177120014e-01
-1.360615495760280069e-01
1.906890595608520034e+00
1.722466024471090096e+00
1.659924558402380068e+00
6.690267655096310273e-01
6.415460290875240057e-01
2.266036893995320156e+00
1.914564523493939907e+00
2.214124805352850167e+00
2.111031312388739867e+00
2.097610796626419916e+00
1.063502942306159937e+00
2.144046369616710024e+00
1.344828496997440004e+00
1.435529297707010057e-02
1.375035237499349916e-01
7.038932789139799862e-02
-2.009126939259960054e-01
-2.009126939259960054e-01
1.176322772640459924e+00
1.232660756790280088e+00
1.310340120612150105e+00
2.277984747299770074e+00
1.937344392150230021e+00
2.056583528366370039e+00
-4.150374992788439799e-01
-4.739311883324119901e-01
-2.344652536370230023e-01
-4.344028241457750239e-01
-2.863041851566410223e-01
-3.770696490798229883e-01
2.016338611696500138e-01
8.406426478847460471e-02
-3.400754415976219858e-01
1.375035237499349916e-01
1.863938450423969995e+00
2.137503523749940015e+00
2.003602236680200210e+00
2.169925001442309931e+00
1.835924074254380089e+00
2.292781749227850163e+00
2.084064264788469956e+00
2.097610796626419916e+00
2.100977647724819874e+00
2.124328135002199858e+00
2.269033146455239791e+00
1.978195629681650081e+00
2.223422549934940040e+00
1.879705766282290025e+00
2.263034405833789897e+00
1.790772037862000010e+00
1.803227036434930097e+00
1.851998837112450058e+00
1.819668183496460090e+00
1.985500430304889985e+00
2.097610796626419916e+00
2.130930869826450191e+00
2.189033824390020033e+00
2.094236069845770043e+00
2.232660756790279866e+00
2.117695042669749839e+00
1.761285273361619996e+00
1.952333566369689910e+00
2.014355292977069833e+00
2.198494153639079851e+00
2.319039815562539797e+00
1.963474123974890073e+00
2.400537929583729913e+00
1.500802053057159968e+00
2.003602236680200210e+00
2.117695042669749839e+00
2.316145742293359788e+00
2.127633279725869908e+00
2.207892851641330090e+00
2.097610796626419916e+00
2.347665656300970127e+00
2.364572432295859894e+00
2.327687364176049822e+00
2.176322772640459924e+00
2.432959407276110042e+00
2.130930869826450191e+00
2.518535138982179955e+00
2.035623909730719827e+00
2.056583528366370039e+00
2.035623909730719827e+00
2.353323291162900066e+00
2.286881147788160096e+00
2.319039815562539797e+00
2.350497247084129882e+00
3.673710656485290049e-01
5.459683691052930055e-01
4.222330006830479765e-01
1.580145484423379987e+00
1.847996906554949970e+00
1.575312330687439921e+00
1.321928094887359961e+00
1.201633861169649986e+00
6.690267655096310273e-01
5.849625007211559646e-01
1.722466024471090096e+00
1.895302621333309956e+00
1.375035237499349916e-01
4.436066514756150103e-01
3.785116232537300007e-01
4.956951626240689857e-01
5.655971758542249761e-01
6.690267655096310273e-01
-4.344028241457750239e-01
-2.863041851566410223e-01
-3.770696490798229883e-01
-2.914634565951650103e-02
5.658352836636749983e-02
1.505596765753809962e-01
