0 1 2 |PI655981|0.007623670832744976
3 4 5 6 |PI655978|0.1898098535105584
7 8 9 10 11 |PI656015|0.014182508883852132
12 13 14 |PI253986|0.007092745352271834
15 16 |PI642998|0.021442105859963506
17 18 |PI330196|0.05023014503355982
19 20 21 22 |PI452692|0.040007734156369
23 24 |PI533998|6.998585239133213e-05
25 |PI329333|0.0
26 |PI329351|0.0
27 28 29 |PI226096|0.02773739857982779
30 31 32 33 34 |PI542718|0.011887632407568025
35 36 37 38 |PI329403|0.041787059000009945
39 40 |PI329617|0.0017935221241780711
41 |PI570393|0.0
42 43 44 45 46 |PI563329|0.0400817136590252
47 |PI562994|0.0
48 49 50 51 52 |PI329570|0.009653083498838071
53 54 55 |PI329710|0.015182587971499946
56 |PI619838|0.0
57 58 59 60 |PI329702|0.014802385080907057
61 |PI563009|0.0
62 63 64 65 |PI156268|0.019059508421122986
66 |PI330167|0.0
67 68 69 70 |PI570145|0.07407126133612409
71 72 73 74 |PI329569|0.0032637382648874553
75 |PI569886|0.0
76 77 78 79 80 81 82 |PI563330|0.3398841858011418
83 |PI329605|0.0
84 |PI562991|0.0
85 86 87 |PI226096|0.02773739857982779
88 |PI655983|0.0
89 90 91 92 93 |PI656015|0.014182508883852132
94 95 |PI329584|0.03477665171140451
96 |PI329510|0.0
97 98 99 |PI656065|0.009006162378678621
100 101 102 |PI576401|0.007437497321707558
103 104 105 106 |PI564163|0.018898954271760287
107 108 109 110 |PI251672|0.025492064709202254
111 |PI513898|0.0
112 113 |PI569423|0.0060610296521302
114 |PI329510|0.0
115 |PI562971|0.0
116 |PI563348|0.0
117 |PI167093|0.0
118 119 120 |PI226096|0.02773739857982779
121 122 |PI533998|6.998585239133213e-05
123 124 125 126 127 |PI329301|0.02589824548262601
128 129 |PI521290|0.027137847241145985
130 131 132 133 |PI585577|0.019656364748651987
134 |PI569460|0.0
135 |PI562981|0.0
136 |PI585461|0.0
137 138 |PI569427|0.08263894728446779
139 |PI563196|0.0
140 141 142 143 144 145 |PI154844|0.14611785888856332
146 147 148 149 150 151 152 |PI330181|0.43618198079953674
153 154 155 |PI535792|0.0028111703273008214
156 157 158 159 |PI329569|0.0032637382648874553
160 161 162 163 |PI330185|0.1679506706247459
164 165 |PI152694|0.0777989605915325
166 167 168 |PI330168|0.003967565275408466
169 170 171 172 173 174 175 |PI563330|0.3398841858011418
176 177 178 |PI155149|0.016449270080097687
179 180 181 182 |PI550604|0.21430732518160464
183 |PI563009|0.0
184 185 |PI156487|0.004863060923801557
186 187 188 189 |PI535793|0.011790767626200065
190 |PI329605|0.0
191 |PI535785|0.0
192 193 194 195 |PI564163|0.018898954271760287
196 |PI569453|0.0
197 |PI619838|0.0
198 199 200 201 |PI534165|0.019435114430432207
202 203 204 205 206 207 208 |PI562970|0.4512559030563484
209 |PI329351|0.0
210 211 212 |PI655981|0.007623670832744976
213 |PI329440|0.0
214 215 216 217 |PI526905|0.0014639906535170392
218 |PI330167|0.0
219 |PI255744|0.0
220 221 |PI156203|0.03409548250411968
222 |PI35038|0.0
223 |PI570031|0.0
224 225 226 227 228 229 230 |PI181899|0.052259272153015436
231 |PI569446|0.0
232 233 234 |PI329710|0.015182587971499946
235 |PI569447|0.0
236 |PI329673|0.0
237 238 239 240 |PI455217|0.12396184302247945
241 242 |PI569443|0.4433611366899547
243 244 245 |PI656065|0.009006162378678621
246 247 248 249 |PI570145|0.07407126133612409
250 251 252 253 |PI655978|0.1898098535105584
254 255 256 257 |PI562732|0.020652024200813045
258 |PI562730|0.0
259 |PI569886|0.0
260 261 262 263 264 265 |PI297155|0.010666795147823772
266 267 268 269 |PI197542|0.004079992362818489
270 271 272 |PI533902|0.0015139071625410929
273 |PI655983|0.0
274 275 276 277 |PI329702|0.014802385080907057
278 279 280 281 |PI452544|0.01085332297878656
282 283 284 285 |PI561840|0.014163691359886477
286 287 |PI329665|0.002350056719720858
288 289 290 |PI593916|0.1635350652111546
291 292 293 294 |PI152963|0.00906485129326757
295 296 |PI569421|0.016348794412771622
297 298 |PI156393|0.008451318648905453
299 300 301 302 |PI157804|0.03210701879620019
303 304 305 |PI452542|0.0022074438048326687
306 307 |PI329584|0.03477665171140451
308 309 |PI570109|0.003884141680248197
310 311 312 313 314 |PI656015|0.014182508883852132
315 |PI329333|0.0
316 317 318 |PI253986|0.007092745352271834
319 320 321 322 323 |PI196049|0.009305753954569557
324 325 326 327 |PI569148|0.1288047513926733
328 329 330 331 332 |PI329570|0.009653083498838071
333 334 335 336 337 338 339 |PI576399|0.18630863434745176
340 341 342 343 344 |PI569452|0.04782685355123049
345 346 347 |PI181083|0.2083427134713122
348 349 350 351 352 353 |PI329435|0.05449961296776764
354 355 356 |PI329614|0.00041432531568112604
357 358 359 360 361 362 363 |PI533792|0.2371600038118122
364 365 366 367 368 |PI563332|0.11460511726264297
369 370 371 372 |PI540518|0.28081796363925804
373 374 375 376 377 378 |PI330182|0.2928150261483939
379 |PI570393|0.0
380 |PI329465|0.0
381 382 383 |PI213900|0.004254842840466434
384 385 386 |PI181080|0.015566085754353622
387 388 389 390 |PI156268|0.019059508421122986
391 392 393 394 |PI329310|0.018282691828458392
395 |PI330169|0.0
396 397 398 |PI329865|0.00047304663245283617
399 400 401 402 |PI535794|0.005401923699624866
403 |PI653616|0.0
404 405 |PI329394|0.03179560808049559
406 |PI329501|0.0
407 408 409 410 411 |PI542718|0.011887632407568025
412 413 414 415 416 |PI569097|0.04233612716200098
417 418 419 |PI337689|0.011016234086071518
420 421 422 423 |PI329403|0.041787059000009945
424 425 426 427 |PI300119|0.06839017612856328
428 429 |PI569422|0.019057796172640286
430 431 |PI156018|0.13463708627128854
432 |PI196586|0.0
433 434 |PI643016|0.003596809107498015
435 436 437 |PI527045|0.002847859963990382
438 439 440 441 442 |PI92270|0.03876811436615856
443 444 445 446 447 448 449 |PI329519|0.48600511112460343
450 451 452 453 454 |PI329841|0.03692197360944471
455 456 457 |PI253986|0.007092745352271834
458 459 460 461 462 |PI329843|0.1017671212369921
463 464 465 466 |PI452692|0.040007734156369
467 468 469 |PI329300|0.030517032538703498
470 471 472 473 |PI329256|0.07649524362734983
474 475 476 477 |PI329511|0.04912703263473209
478 |PI570073|0.0
479 480 481 |PI253986|0.007092745352271834
482 483 |PI642998|0.021442105859963506
484 485 |PI329617|0.0017935221241780711
486 |PI562994|0.0
487 |PI570076|0.0
488 489 490 491 492 |PI562985|0.07855679087384346
493 |PI152860|0.0
494 |PI562991|0.0
495 496 497 |PI576401|0.007437497321707558
498 499 |PI330196|0.05023014503355982
500 501 |PI152728|0.00019947172400308668
502 |PI563002|0.0
503 504 505 506 507 |PI563329|0.0400817136590252
508 509 510 511 |PI585577|0.019656364748651987
512 |PI563002|0.0
513 514 515 516 |PI452692|0.040007734156369
517 |PI562730|0.0
518 |PI562981|0.0
519 520 |PI505735|0.013589671377590457
521 |PI562991|0.0
522 |PI562994|0.0
523 524 |PI521290|0.027137847241145985
525 |PI562971|0.0
526 527 528 529 |PI452544|0.01085332297878656
530 |PI167093|0.0
531 |PI152727|0.0
532 |PI513898|0.0
533 534 535 536 537 |PI563332|0.11460511726264297
538 539 540 541 |PI562732|0.020652024200813045
542 543 544 545 546 547 |PI154844|0.14611785888856332
548 549 550 551 552 |PI563329|0.0400817136590252
553 554 555 556 |PI455217|0.12396184302247945
557 558 559 |PI253986|0.007092745352271834
560 561 562 |PI452542|0.0022074438048326687
563 564 565 566 |PI534165|0.019435114430432207
567 568 569 570 571 572 573 |PI562970|0.4512559030563484
574 575 576 577 578 |PI562985|0.07855679087384346
579 580 581 582 583 584 585 |PI563330|0.3398841858011418
586 587 588 589 590 |PI562985|0.07855679087384346
591 592 |PI521290|0.027137847241145985
593 594 595 596 597 598 599 |PI562970|0.4512559030563484
600 601 602 603 |PI562732|0.020652024200813045
604 605 606 607 608 |PI52606|0.065886749234719
609 610 611 612 613 614 615 |PI533792|0.2371600038118122
616 617 618 619 620 621 622 |PI576399|0.18630863434745176
623 |PI653616|0.0
624 625 626 |PI533902|0.0015139071625410929
627 |PI330167|0.0
628 |PI563009|0.0
629 |PI330169|0.0
630 631 632 633 |PI569148|0.1288047513926733
634 635 636 |PI337689|0.011016234086071518
637 |PI35038|0.0
638 639 640 |PI330168|0.003967565275408466
641 |PI35038|0.0
642 643 |PI329394|0.03179560808049559
644 645 646 647 648 |PI329841|0.03692197360944471
649 650 651 |PI329300|0.030517032538703498
652 653 654 655 656 |PI329301|0.02589824548262601
657 |PI563348|0.0
658 659 660 |PI329865|0.00047304663245283617
661 662 663 |PI329614|0.00041432531568112604
664 665 666 667 |PI329702|0.014802385080907057
668 |PI167093|0.0
669 |PI330169|0.0
670 671 |PI330196|0.05023014503355982
672 |PI329440|0.0
673 674 675 676 677 678 |PI329435|0.05449961296776764
679 680 681 |PI329710|0.015182587971499946
682 |PI329465|0.0
683 684 685 686 687 688 689 |PI329519|0.48600511112460343
690 691 692 693 694 |PI569097|0.04233612716200098
695 696 |PI329617|0.0017935221241780711
697 |PI563196|0.0
698 699 700 701 702 |PI329570|0.009653083498838071
703 704 705 706 707 |PI329843|0.1017671212369921
708 709 |PI329665|0.002350056719720858
710 |PI329333|0.0
711 |PI329510|0.0
712 |PI329673|0.0
713 714 715 716 |PI329256|0.07649524362734983
717 |PI329605|0.0
718 |PI585461|0.0
719 720 721 722 |PI329569|0.0032637382648874553
723 724 725 726 727 728 |PI330182|0.2928150261483939
729 730 731 732 733 734 735 |PI330181|0.43618198079953674
736 737 738 739 |PI534165|0.019435114430432207
740 741 742 743 |PI329310|0.018282691828458392
744 745 746 747 |PI329511|0.04912703263473209
748 |PI563002|0.0
749 |PI330167|0.0
750 751 |PI329584|0.03477665171140451
752 753 754 755 |PI330185|0.1679506706247459
756 757 758 759 |PI329403|0.041787059000009945
760 |PI329351|0.0
761 762 763 |PI213900|0.004254842840466434
764 |PI329501|0.0
765 766 767 768 |PI564163|0.018898954271760287
