2.045009860905819821e+00
2.185966892767840175e+00
2.254789687397209974e+00
1.741939077729200092e+00
1.731910942116869911e+00
2.424783664419820184e+00
2.735415243718830158e+00
2.594955773263409871e+00
2.673960400552770178e+00
2.555988730321829827e+00
2.318397279217510043e+00
2.507248513918789889e+00
2.184549481320699815e+00
2.389874558390990167e+00
2.269933025967810103e+00
2.152196582334210184e+00
2.445059047392220020e+00
2.574170219730790077e+00
3.022411873455919995e+00
3.211851762284319900e+00
2.760769177403540109e+00
3.251691743640699794e+00
3.197743558683229903e+00
2.393399695293100038e+00
2.376668185810530076e+00
3.132784625069310103e+00
2.948584106680599781e+00
2.754378918752609984e+00
2.529353344971999817e+00
2.936553953069350076e+00
1.884512159190389946e+00
1.843357378437959992e+00
1.764101376476230110e+00
1.945567053442389893e+00
2.088632141846320067e+00
3.231296245836329906e+00
3.536769226232769903e+00
3.021110705338330149e+00
3.054306565848400101e+00
2.939619078956699827e+00
2.854919087830889879e+00
3.117609317032099980e+00
3.049965761053739843e+00
3.208924831080259832e+00
3.074264082238889806e+00
3.402333615529479882e+00
2.793182505770769986e+00
2.874644140437999873e+00
3.359395275386019897e+00
3.098093155281369970e+00
3.128373417086390162e+00
3.196156833486159865e+00
3.291741704018769976e+00
2.966080692468379798e+00
2.890057557340569794e+00
3.181025658850039850e+00
3.008135824605480124e+00
3.078580056095340023e+00
3.071793667241020209e+00
2.819320150434930117e+00
3.133848552111449859e+00
2.878607956493830056e+00
3.109649405025050051e+00
3.228931351676879835e+00
3.036069700697700213e+00
2.848497018090370148e+00
3.180819503683939953e+00
2.827408047615870057e+00
3.010363569336540035e+00
2.721513842084020141e+00
3.434562517303680007e+00
3.158157360152160198e+00
3.078228372735940077e+00
3.028400429136639982e+00
3.010927194714779986e+00
2.935482073998850083e+00
1.786467476740279947e+00
1.722962808942489987e+00
1.757168192214269897e+00
2.911557082459910184e+00
2.666873507197720095e+00
2.912822318092870066e+00
3.132406991584229861e+00
2.929858107406220213e+00
2.701136066092530097e+00
2.754378918752609984e+00
2.529353344971999817e+00
2.936553953069350076e+00
2.802547970281219936e+00
2.594955773263409871e+00
2.673960400552770178e+00
2.555988730321829827e+00
2.318397279217510043e+00
2.507248513918789889e+00
2.675347498485510123e+00
3.048317479644340189e+00
2.964909877565260032e+00
2.609306206714760101e+00
2.382701282954910127e+00
2.451110681897469945e+00
2.292787535198329785e+00
2.371548092683850140e+00
2.501921514596220142e+00
2.239899817176969954e+00
2.570636326503460189e+00
2.394696777891879957e+00
2.235098990094940063e+00
2.872045498955650089e+00
3.235970091657359937e+00
2.841309404804690075e+00
3.069420174965570070e+00
2.818397465441349947e+00
3.185992363838019870e+00
3.341697593706900005e+00
2.964909877565260032e+00
2.823578551650240076e+00
2.795789674695880134e+00
2.862584527170190185e+00
2.754378918752609984e+00
2.529353344971999817e+00
2.936553953069350076e+00
2.393399695293100038e+00
2.376668185810530076e+00
2.986843364561949876e+00
2.892261606915540018e+00
2.932767929982289967e+00
3.206402164849269987e+00
3.301789346768719824e+00
2.955220981685839909e+00
3.284692359751649970e+00
2.873698337647910162e+00
2.918701191495459923e+00
3.038548634553190020e+00
3.236005403843010164e+00
2.737788791709680147e+00
2.948055797584849813e+00
2.605757425047610099e+00
2.568471607033239845e+00
3.143411420524940159e+00
2.774699404076919951e+00
2.503708989891709980e+00
2.774823418392259988e+00
2.404406050921270133e+00
2.984468803410239790e+00
3.403746620978719939e+00
3.344435504468239895e+00
1.546172368316939938e+00
1.729650668335920072e+00
1.806654723991860001e+00
2.814260917444220134e+00
2.857223909236830117e+00
2.574251254539929867e+00
3.454437803948370078e+00
2.123884293460009953e+00
2.252197455364879808e+00
2.205420915676339799e+00
3.158157360152160198e+00
3.078228372735940077e+00
3.028400429136639982e+00
3.010927194714779986e+00
3.368482134027570130e+00
2.380681472737829818e+00
2.561685617689950067e+00
3.168040556367270000e+00
3.138432177581279792e+00
2.580582876814370152e+00
3.291998963838069781e+00
3.266311678557360043e+00
3.147401132381880018e+00
1.786467476740279947e+00
1.722962808942489987e+00
1.757168192214269897e+00
2.911557082459910184e+00
2.666873507197720095e+00
2.912822318092870066e+00
3.132406991584229861e+00
2.797931980787290218e+00
2.549113661843839918e+00
2.507424060094849860e+00
1.295567099962479984e+00
2.131329894042810036e+00
2.280601131536910131e+00
2.528106461140709804e+00
2.878607956493830056e+00
3.161002442034340110e+00
3.300473742649220110e+00
2.028855809390440079e+00
2.242317763715199863e+00
2.216640858325450214e+00
1.999304572338350017e+00
2.929858107406220213e+00
2.930266250172349984e+00
2.239899817176969954e+00
2.570636326503460189e+00
2.394696777891879957e+00
2.235098990094940063e+00
2.857772599710750150e+00
3.008135824605480124e+00
1.921322243583819978e+00
1.898450919198370057e+00
2.207661291196779896e+00
2.165630062376179943e+00
1.773420723290610068e+00
2.023787279789849958e+00
1.837777769553730067e+00
3.437093869808640179e+00
3.080767140926699899e+00
3.202485592493939937e+00
3.128396037348029957e+00
2.948584106680599781e+00
2.045009860905819821e+00
2.185966892767840175e+00
2.254789687397209974e+00
2.853046890151799797e+00
2.324323618700590011e+00
2.319564066092159926e+00
2.323107655185519871e+00
2.234061490766389824e+00
3.180819503683939953e+00
2.955485705889339787e+00
3.201610122203160103e+00
2.832310880372800099e+00
2.379033431817970001e+00
2.773918029433620092e+00
1.849357981661299943e+00
1.802773725291979989e+00
1.578295305120829939e+00
1.945714714059860073e+00
1.987085029624120036e+00
2.316368790408990019e+00
2.195595263005530207e+00
3.123694874818629952e+00
2.966080692468379798e+00
2.890057557340569794e+00
3.181025658850039850e+00
2.731645163405359789e+00
2.861414918636000060e+00
2.206421065237989865e+00
2.420582793331099936e+00
2.479287316476169956e+00
3.147302144358940179e+00
2.149742414713399885e+00
3.481449795018780158e+00
2.609306206714760101e+00
2.382701282954910127e+00
2.451110681897469945e+00
2.827408047615870057e+00
3.010363569336540035e+00
2.721513842084020141e+00
3.434562517303680007e+00
1.741939077729200092e+00
1.731910942116869911e+00
2.424783664419820184e+00
2.735415243718830158e+00
3.097403091523899921e+00
3.150495477860610016e+00
3.468073963853610220e+00
3.293439903074350195e+00
2.617503579279070181e+00
2.935482073998850083e+00
2.415040157367439821e+00
2.416440785797899782e+00
2.284926786990289838e+00
2.443528960275060058e+00
2.634950604715439848e+00
2.469218000420629888e+00
2.078674273360470171e+00
2.079687627611340073e+00
1.976258249257049959e+00
2.155973344739900099e+00
2.374033095545689864e+00
2.392943042340060167e+00
2.302590648306550136e+00
2.802547970281219936e+00
3.078580056095340023e+00
3.071793667241020209e+00
2.819320150434930117e+00
3.133848552111449859e+00
2.834210818157480105e+00
2.863066967449849898e+00
3.081779226767530133e+00
2.831409011495670036e+00
2.465308479587310142e+00
2.537378282830209830e+00
2.234061490766389824e+00
2.504851298180529984e+00
2.890018397188109933e+00
2.986973164367880074e+00
1.532499586094659971e+00
2.340899983858709898e+00
2.432456167811429815e+00
2.957185716315649859e+00
3.170164868665680036e+00
3.173795019734860112e+00
3.014785067003240115e+00
2.908699432352220171e+00
3.164424240791070098e+00
3.344924498584890049e+00
3.161062391027019913e+00
2.244722322769999945e+00
2.095552896019400091e+00
2.589592194057800167e+00
2.313128713845189921e+00
2.985017586749540097e+00
3.099973984235500080e+00
3.037776979548799883e+00
2.675347498485510123e+00
3.048317479644340189e+00
2.926687069693679977e+00
2.802041304739579797e+00
2.594955773263409871e+00
2.673960400552770178e+00
2.555988730321829827e+00
2.318397279217510043e+00
2.507248513918789889e+00
3.132784625069310103e+00
2.184549481320699815e+00
2.389874558390990167e+00
2.269933025967810103e+00
3.256400205380340029e+00
3.424860411194110110e+00
3.135774868500590173e+00
3.213456659285459871e+00
3.304544380397020031e+00
2.797842064029159914e+00
2.750137968090470064e+00
2.450741645351909970e+00
3.436021040774420054e+00
3.359395275386019897e+00
3.098093155281369970e+00
3.128373417086390162e+00
3.196156833486159865e+00
3.291741704018769976e+00
1.732152418065209920e+00
1.771807878999110075e+00
1.807737922014100107e+00
2.941556151731710145e+00
2.456578572817509798e+00
2.203114513644389927e+00
2.564938152655189985e+00
2.853430496824670204e+00
2.489649162871829802e+00
2.847047981098529856e+00
2.903247390214020118e+00
3.176348864033020192e+00
1.442636525782230006e+00
2.528582499043849907e+00
2.216007468108310174e+00
1.815710539788959910e+00
1.791760804012910047e+00
1.798650645445269980e+00
2.057057208637420143e+00
2.342718689795539877e+00
2.300508529343289865e+00
3.000299559856240084e+00
2.996769895517060078e+00
3.041605831953949846e+00
1.838912027406000016e+00
1.813647695346900068e+00
1.592065670432250002e+00
2.451402613597490010e+00
2.078927833680720205e+00
1.882752155613079958e+00
3.140291155900119868e+00
2.909079755756780017e+00
2.349976499424470067e+00
2.949111773881440079e+00
3.301038681466760050e+00
3.246818521210049990e+00
1.107209969647870107e+00
2.195982630688360082e+00
2.163429743301469976e+00
2.511080845539119810e+00
1.665487180782809995e+00
1.871047261305500031e+00
1.583878598498630108e+00
2.649908994164340115e+00
2.540854815952250156e+00
3.017012459254449830e+00
3.117609317032099980e+00
2.991770817801049809e+00
2.611330247651749925e+00
2.490969250591489992e+00
2.460145817491750098e+00
2.427015205907990136e+00
2.720308178851130076e+00
2.648037830429490036e+00
3.109649405025050051e+00
3.228931351676879835e+00
3.036069700697700213e+00
2.848497018090370148e+00
3.063141881841959790e+00
3.399796552349270140e+00
3.387679852429120064e+00
3.299653273815370103e+00
2.997469390500159925e+00
3.186385560782610149e+00
3.137018448050549857e+00
3.144356227368179990e+00
2.455530047342699973e+00
2.523147924422199928e+00
2.444060417740780089e+00
2.628971005345090095e+00
2.849222800367289921e+00
2.727435517036000068e+00
2.370809056545499782e+00
2.706632450873290185e+00
1.884512159190389946e+00
1.843357378437959992e+00
1.764101376476230110e+00
1.945567053442389893e+00
2.088632141846320067e+00
2.897121035905589892e+00
2.883826038465750141e+00
2.691717872949490165e+00
3.259264091225159810e+00
3.165656754517299998e+00
3.156918477699119929e+00
3.168096592652529964e+00
2.940068013739349784e+00
3.231296245836329906e+00
3.536769226232769903e+00
3.021110705338330149e+00
3.054306565848400101e+00
2.182243411918999954e+00
2.184804957019240046e+00
2.508475849648229783e+00
2.812304918361950179e+00
2.811575005870590171e+00
3.087674960036760119e+00
2.481141527972900107e+00
3.215000060038279983e+00
2.677488326683330033e+00
2.905088564605290191e+00
3.025035371273880003e+00
2.284611182369769899e+00
2.407730728026340028e+00
2.308137378638039916e+00
2.204255678480150138e+00
2.149527013754350069e+00
2.006551609086649979e+00
1.968529644374839904e+00
2.523473321528749924e+00
1.634074025487469939e+00
1.824841471753700040e+00
1.839603729470840054e+00
3.116820190846790073e+00
3.159651397296459940e+00
3.035505783094690102e+00
3.327840989095959934e+00
2.966653194677660199e+00
2.880447716537250180e+00
2.858952045343619908e+00
3.355001091640660071e+00
3.189248815891919886e+00
2.184549481320699815e+00
2.389874558390990167e+00
2.269933025967810103e+00
3.212603049432369851e+00
2.477454086253330079e+00
3.337676853202189875e+00
3.142686612105550115e+00
3.324245404898960032e+00
3.211851762284319900e+00
2.760769177403540109e+00
3.251691743640699794e+00
3.197743558683229903e+00
2.635182048656270037e+00
3.035973766418119890e+00
2.965389870215120016e+00
2.577606677362540122e+00
2.883070620049450028e+00
2.764370437566760152e+00
3.328827939014280091e+00
2.524928115231659831e+00
2.731105051215919843e+00
2.694350689221920003e+00
3.129461086327370190e+00
2.902367371575139909e+00
2.184549481320699815e+00
2.389874558390990167e+00
2.269933025967810103e+00
2.152196582334210184e+00
2.445059047392220020e+00
2.939619078956699827e+00
2.854919087830889879e+00
2.874644140437999873e+00
2.889648999191670065e+00
2.593585095453899925e+00
3.207003873313199804e+00
3.013599732612469939e+00
2.607776603741689847e+00
3.233425113448599841e+00
3.387758108494209885e+00
2.701136066092530097e+00
2.292787535198329785e+00
2.371548092683850140e+00
2.501921514596220142e+00
2.574170219730790077e+00
3.022411873455919995e+00
3.243057901694539780e+00
3.271304793488369889e+00
2.796192596855919810e+00
3.049965761053739843e+00
3.208924831080259832e+00
3.074264082238889806e+00
3.402333615529479882e+00
2.793182505770769986e+00
2.873698337647910162e+00
2.918701191495459923e+00
3.038548634553190020e+00
3.236005403843010164e+00
2.796192596855919810e+00
3.211851762284319900e+00
2.760769177403540109e+00
3.251691743640699794e+00
3.197743558683229903e+00
2.617503579279070181e+00
2.948055797584849813e+00
2.898911581132659787e+00
3.132061072897839971e+00
2.701136066092530097e+00
2.874644140437999873e+00
2.955220981685839909e+00
3.284692359751649970e+00
2.823578551650240076e+00
2.834210818157480105e+00
2.863066967449849898e+00
3.081779226767530133e+00
2.831409011495670036e+00
2.862584527170190185e+00
2.982307422738510017e+00
2.818397465441349947e+00
2.909079755756780017e+00
2.349976499424470067e+00
2.949111773881440079e+00
3.301038681466760050e+00
3.246818521210049990e+00
3.097403091523899921e+00
3.150495477860610016e+00
3.468073963853610220e+00
3.293439903074350195e+00
2.503708989891709980e+00
2.774823418392259988e+00
2.404406050921270133e+00
2.984468803410239790e+00
3.403746620978719939e+00
3.344435504468239895e+00
3.049965761053739843e+00
3.208924831080259832e+00
3.074264082238889806e+00
3.402333615529479882e+00
2.793182505770769986e+00
2.206421065237989865e+00
2.420582793331099936e+00
2.479287316476169956e+00
3.147302144358940179e+00
2.184549481320699815e+00
2.389874558390990167e+00
2.269933025967810103e+00
2.985017586749540097e+00
3.099973984235500080e+00
3.037776979548799883e+00
1.921322243583819978e+00
1.898450919198370057e+00
2.207661291196779896e+00
2.165630062376179943e+00
1.773420723290610068e+00
2.023787279789849958e+00
1.837777769553730067e+00
3.437093869808640179e+00
3.080767140926699899e+00
3.202485592493939937e+00
3.128396037348029957e+00
2.593585095453899925e+00
3.207003873313199804e+00
3.013599732612469939e+00
2.607776603741689847e+00
3.233425113448599841e+00
1.786467476740279947e+00
1.722962808942489987e+00
1.757168192214269897e+00
2.911557082459910184e+00
2.666873507197720095e+00
2.912822318092870066e+00
3.132406991584229861e+00
2.593585095453899925e+00
3.207003873313199804e+00
3.013599732612469939e+00
2.607776603741689847e+00
3.233425113448599841e+00
2.955220981685839909e+00
3.284692359751649970e+00
1.773420723290610068e+00
2.023787279789849958e+00
1.837777769553730067e+00
3.437093869808640179e+00
3.080767140926699899e+00
3.202485592493939937e+00
3.128396037348029957e+00
3.097403091523899921e+00
3.150495477860610016e+00
3.468073963853610220e+00
3.293439903074350195e+00
2.001820217038329908e+00
2.319043566399110023e+00
2.157819284417299865e+00
2.422359993600069927e+00
2.758313758324990150e+00
1.838912027406000016e+00
1.813647695346900068e+00
1.592065670432250002e+00
2.451402613597490010e+00
2.078927833680720205e+00
1.882752155613079958e+00
3.140291155900119868e+00
1.732152418065209920e+00
1.771807878999110075e+00
1.807737922014100107e+00
2.941556151731710145e+00
2.456578572817509798e+00
2.203114513644389927e+00
2.564938152655189985e+00
2.849222800367289921e+00
2.374033095545689864e+00
2.392943042340060167e+00
2.302590648306550136e+00
3.180819503683939953e+00
2.878607956493830056e+00
2.997469390500159925e+00
2.797842064029159914e+00
2.750137968090470064e+00
2.450741645351909970e+00
3.436021040774420054e+00
3.156918477699119929e+00
3.168096592652529964e+00
2.940068013739349784e+00
2.379033431817970001e+00
3.291998963838069781e+00
3.266311678557360043e+00
3.147401132381880018e+00
2.379033431817970001e+00
2.727435517036000068e+00
2.370809056545499782e+00
2.966653194677660199e+00
2.880447716537250180e+00
2.858952045343619908e+00
3.355001091640660071e+00
3.189248815891919886e+00
2.635182048656270037e+00
3.035973766418119890e+00
2.965389870215120016e+00
2.986843364561949876e+00
2.892261606915540018e+00
2.932767929982289967e+00
3.206402164849269987e+00
3.301789346768719824e+00
2.795789674695880134e+00
3.186385560782610149e+00
3.137018448050549857e+00
3.144356227368179990e+00
3.000299559856240084e+00
2.996769895517060078e+00
3.041605831953949846e+00
3.078580056095340023e+00
3.071793667241020209e+00
2.819320150434930117e+00
3.133848552111449859e+00
2.862584527170190185e+00
2.997469390500159925e+00
2.574170219730790077e+00
3.022411873455919995e+00
2.853046890151799797e+00
1.815710539788959910e+00
1.791760804012910047e+00
1.798650645445269980e+00
2.057057208637420143e+00
2.342718689795539877e+00
2.300508529343289865e+00
2.966080692468379798e+00
2.890057557340569794e+00
3.181025658850039850e+00
2.991770817801049809e+00
1.634074025487469939e+00
1.824841471753700040e+00
1.839603729470840054e+00
3.116820190846790073e+00
3.159651397296459940e+00
3.035505783094690102e+00
3.327840989095959934e+00
2.897121035905589892e+00
2.883826038465750141e+00
2.691717872949490165e+00
3.259264091225159810e+00
3.165656754517299998e+00
2.939619078956699827e+00
2.854919087830889879e+00
2.774699404076919951e+00
3.359395275386019897e+00
3.098093155281369970e+00
3.128373417086390162e+00
3.196156833486159865e+00
3.291741704018769976e+00
3.212603049432369851e+00
2.477454086253330079e+00
3.337676853202189875e+00
3.142686612105550115e+00
3.324245404898960032e+00
2.890018397188109933e+00
2.986973164367880074e+00
3.132784625069310103e+00
2.964909877565260032e+00
2.861414918636000060e+00
2.577606677362540122e+00
2.883070620049450028e+00
2.764370437566760152e+00
3.328827939014280091e+00
2.929858107406220213e+00
2.605757425047610099e+00
3.158157360152160198e+00
3.078228372735940077e+00
3.028400429136639982e+00
3.010927194714779986e+00
1.665487180782809995e+00
1.871047261305500031e+00
1.583878598498630108e+00
2.649908994164340115e+00
2.540854815952250156e+00
3.017012459254449830e+00
1.546172368316939938e+00
1.729650668335920072e+00
1.806654723991860001e+00
2.814260917444220134e+00
2.857223909236830117e+00
2.574251254539929867e+00
3.454437803948370078e+00
1.921322243583819978e+00
1.898450919198370057e+00
2.207661291196779896e+00
2.165630062376179943e+00
3.063141881841959790e+00
3.399796552349270140e+00
3.387679852429120064e+00
3.299653273815370103e+00
2.524928115231659831e+00
2.731105051215919843e+00
2.694350689221920003e+00
3.129461086327370190e+00
2.796192596855919810e+00
3.180819503683939953e+00
2.675347498485510123e+00
3.048317479644340189e+00
3.368482134027570130e+00
2.380681472737829818e+00
2.561685617689950067e+00
3.168040556367270000e+00
3.231296245836329906e+00
3.536769226232769903e+00
3.021110705338330149e+00
3.054306565848400101e+00
2.948584106680599781e+00
2.611330247651749925e+00
2.490969250591489992e+00
2.460145817491750098e+00
2.706632450873290185e+00
2.239899817176969954e+00
2.570636326503460189e+00
2.394696777891879957e+00
2.235098990094940063e+00
