0.0036930524073979904
0.012686818620470485
0.004888080089744846
0.0012800536889321077
0.012320408593937964
0.2538621126315059
0.017358867026905322
0.011862475422721582
0.03401710410907274
0.02365958588115798
0.0026889881855691393
0.001977045310414544
0.015257539854469412
0.018201347108109778
0.063739024658922
0.004445712191772437
0.00957483993998802
0.0036930524073979904
0.00414894125753178
0.029221909972993416
0.03962985579869854
0.012320408593937964
0.018653654670028403
0.022987054860664154
0.0498531448782756
0.03473706624278581
0.02065070358472611
0.04421709004020095
0.004445712191772437
0.012114004708564581
0.003431717033513186
0.04635360677564968
0.00957483993998802
0.007966026482984034
0.00839600713801987
0.001977045310414544
0.01023594479447695
0.008479733778567781
0.03444117311464325
0.010098696229169401
0.006650824492129455
0.0026889881855691393
0.013478067746519003
0.0502620536655445
0.063739024658922
0.008885502466614077
0.006788054189741364
0.015257539854469412
0.012842123614003316
0.0010169092733677367
0.04230684384516805
0.0023293579379445608
0.022977621081145694
0.2318509536791904
0.02467696142096879
0.025938380915702608
0.00414894125753178
0.000309536739316387
0.0036930524073979904
0.00820053744661664
0.04776757241882187
0.02365958588115798
0.010422040475277172
0.16147388427808643
0.018545834492361624
0.2172112847408017
0.03914540341457622
0.00045457419991440346
0.018201347108109778
0.012274957031511727
0.0010812864015448227
0.2538621126315059
0.0321960223699132
0.017358867026905322
0.01847178333805039
0.016559955512337795
0.02263727250038564
0.01941350876812073
0.005555285846588498
0.07599807672008994
0.0037362791214241475
0.09128809368932739
0.0012800536889321077
0.045338872698723505
0.0007813993393652034
0.012686818620470485
0.011862475422721582
0.011963576832515983
0.004888080089744846
0.005432594768380372
0.03401710410907274
0.0498531448782756
0.0012800536889321077
0.022987054860664154
0.012842123614003316
0.03914540341457622
0.008885502466614077
0.02065070358472611
0.03401710410907274
0.013478067746519003
0.01023594479447695
0.011963576832515983
0.00957483993998802
0.011963576832515983
0.022987054860664154
0.01023594479447695
0.008885502466614077
0.02821672456640435
0.2172112847408017
0.010422040475277172
0.04776757241882187
0.04635360677564968
0.0037362791214241475
0.018653654670028403
0.015257539854469412
0.004888080089744846
0.0026889881855691393
0.07599807672008994
0.0321960223699132
0.011862475422721582
0.02365958588115798
0.09128809368932739
0.04230684384516805
0.045338872698723505
0.004445712191772437
0.04421709004020095
0.012274957031511727
0.0007813993393652034
0.00414894125753178
0.012114004708564581
0.017358867026905322
