2.454160477182289579e+00
2.354654602796829810e+00
3.040486042595222926e+00
3.214457125698933382e+00
2.266758553906986773e+00
2.639576814866253063e+00
3.063516121709620066e+00
3.001428228043306223e+00
3.053901194526736251e+00
3.379848564900123531e+00
3.175722154900836092e+00
2.972868795307043399e+00
2.959685910134006281e+00
3.026551358840209982e+00
3.119368508529576811e+00
3.088061954945459764e+00
2.994578685651733352e+00
2.454160477182289579e+00
2.963933118310290382e+00
2.847076039851153428e+00
3.107865739332623445e+00
2.266758553906986773e+00
3.108678641862383074e+00
3.082002415968546405e+00
2.985243500839290132e+00
2.897810284827766480e+00
3.273724526344751862e+00
3.307599053806113076e+00
3.088061954945459764e+00
3.184241435280206645e+00
2.556316921239639939e+00
3.076084383149359613e+00
2.994578685651733352e+00
2.478809976653506553e+00
3.174521889340476744e+00
2.972868795307043399e+00
2.999197547552393317e+00
2.227903289054026459e+00
3.078190036813829966e+00
2.252390790918813668e+00
3.008439451959303401e+00
3.175722154900836092e+00
3.121201527875983484e+00
3.261711633632396801e+00
3.119368508529576811e+00
3.201642918111883507e+00
2.459285964670343549e+00
2.959685910134006281e+00
2.983789455139986391e+00
2.514938297457296468e+00
2.992047258585049718e+00
2.390428838910133358e+00
3.119705612396439509e+00
2.568103014434396592e+00
2.996933059212789630e+00
2.527690092420533219e+00
2.963933118310290382e+00
2.788917481745389892e+00
2.454160477182289579e+00
3.229882612234910244e+00
3.140515713428249978e+00
3.379848564900123531e+00
2.524378977543866753e+00
2.851829645856843509e+00
2.198771955637710107e+00
2.674231841283619904e+00
3.105798974792233214e+00
2.487503411377616658e+00
3.026551358840209982e+00
3.390994709949256336e+00
2.599305451041400428e+00
2.639576814866253063e+00
2.994251414754657059e+00
3.063516121709620066e+00
2.735383871856429838e+00
2.908902122657063050e+00
3.279625465434463205e+00
2.858210561169453268e+00
2.434282858823369811e+00
2.974060833523957115e+00
3.230494954571319965e+00
2.927586184744022990e+00
3.214457125698933382e+00
3.166578000688873740e+00
3.149207865805710327e+00
2.354654602796829810e+00
3.001428228043306223e+00
3.096640535762336555e+00
3.040486042595222926e+00
3.168503389639230061e+00
3.053901194526736251e+00
2.985243500839290132e+00
3.214457125698933382e+00
3.082002415968546405e+00
2.983789455139986391e+00
3.105798974792233214e+00
3.201642918111883507e+00
3.273724526344751862e+00
3.053901194526736251e+00
3.121201527875983484e+00
2.999197547552393317e+00
3.096640535762336555e+00
2.994578685651733352e+00
3.096640535762336555e+00
3.082002415968546405e+00
2.999197547552393317e+00
3.201642918111883507e+00
2.534925853803470019e+00
2.674231841283619904e+00
2.524378977543866753e+00
3.140515713428249978e+00
3.076084383149359613e+00
3.230494954571319965e+00
3.108678641862383074e+00
2.959685910134006281e+00
3.040486042595222926e+00
3.175722154900836092e+00
2.974060833523957115e+00
2.994251414754657059e+00
3.001428228043306223e+00
3.379848564900123531e+00
2.927586184744022990e+00
2.992047258585049718e+00
3.166578000688873740e+00
3.088061954945459764e+00
3.307599053806113076e+00
3.390994709949256336e+00
3.149207865805710327e+00
2.963933118310290382e+00
3.184241435280206645e+00
3.063516121709620066e+00
