0 1 2 |PI656015|0.0005814623450510704
3 4 5 |PI642998|1.232595164407831e-32
6 7 8 |PI330196|0.022065347616244416
9 10 11 |PI452692|0.0034688195345062563
12 13 14 |PI533998|0.0005814623450510704
15 16 17 |PI329333|0.0013932599390343399
18 19 20 21 |PI329351|0.045978003422254006
22 23 24 25 |PI542718|0.0
26 27 28 |PI329617|0.0068906958924034025
29 30 31 |PI570393|0.010937081712520233
32 33 34 |PI563329|0.05058770926783679
35 36 37 |PI562994|0.015248541967838836
38 39 40 41 |PI329570|0.0015674174314136325
42 43 44 |PI619838|0.045915345362415365
45 46 47 48 |PI563009|0.010639583903879155
49 50 51 52 |PI330167|0.008690291365278761
53 54 55 |PI329569|0.0020870112491603956
56 57 58 |PI569886|0.020137568508768224
59 60 61 62 |PI329605|0.0015674174314136325
63 64 65 |PI562991|0.010506388585211425
66 67 68 69 |PI655983|0.0024719439800754066
70 71 72 |PI656015|0.0005814623450510704
73 74 75 |PI329584|0.03229025518773337
76 77 78 |PI329510|0.01524854196783894
79 80 81 |PI564163|0.0005814623450510704
82 83 84 |PI513898|0.0034688195345062567
85 86 87 88 |PI569423|0.061488533364466996
89 90 91 |PI329510|0.01524854196783894
92 93 94 95 |PI562971|0.02405185073874006
96 97 98 99 |PI563348|0.0226547645723641
100 101 102 103 |PI167093|0.002347887655305445
104 105 106 |PI533998|0.0005814623450510704
107 108 109 110 |PI329301|0.010867223418159927
111 112 113 |PI521290|0.12226090057341972
114 115 116 |PI569460|0.0034688195345062567
117 118 119 |PI562981|0.0034688195345062563
120 121 122 123 |PI585461|0.0327055845224572
124 125 126 |PI569427|0.043585623548091305
127 128 129 130 |PI563196|0.0226547645723641
131 132 133 134 |PI154844|0.023256098636861355
135 136 137 |PI535792|0.0005814623450510704
138 139 140 |PI329569|0.0020870112491603956
141 142 143 |PI152694|0.0
144 145 146 147 |PI155149|0.026557186548683796
148 149 150 151 |PI563009|0.010639583903879155
152 153 154 155 |PI156487|0.039589062625475416
156 157 158 |PI535793|0.11100041479414106
159 160 161 162 |PI329605|0.0015674174314136325
163 164 165 |PI535785|0.004745200624706759
166 167 168 |PI564163|0.0005814623450510704
169 170 171 |PI569453|0.0
172 173 174 |PI619838|0.045915345362415365
175 176 177 178 179 |PI534165|0.019893121109609224
180 181 182 183 |PI329351|0.045978003422254006
184 185 186 |PI329440|0.050587709267836574
187 188 189 190 |PI330167|0.008690291365278761
191 192 193 194 |PI255744|0.029431191957237954
195 196 197 198 |PI156203|0.029431191957237954
199 200 201 202 |PI35038|0.0006541451381824543
203 204 205 |PI570031|0.010506388585211425
206 207 208 209 |PI569447|0.03170888551274612
210 211 212 |PI329673|0.00518548354029907
213 214 215 216 |PI569443|0.017871345107328164
217 218 219 220 |PI562730|0.0037330011072197154
221 222 223 |PI569886|0.020137568508768224
224 225 226 |PI297155|0.005470488885980327
227 228 229 230 |PI197542|0.005814024659215305
231 232 233 234 |PI655983|0.0024719439800754066
235 236 237 238 |PI329665|0.0057964166448547915
239 240 241 242 |PI593916|0.0008407664785657136
243 244 245 246 |PI569421|0.027884647995768775
247 248 249 250 |PI156393|0.022137596658750876
251 252 253 |PI329584|0.03229025518773337
254 255 256 |PI570109|0.0
257 258 259 |PI656015|0.0005814623450510704
260 261 262 |PI329333|0.0013932599390343399
263 264 265 266 |PI196049|0.012599508322090511
267 268 269 270 |PI329570|0.0015674174314136325
271 272 273 |PI569452|1.232595164407831e-32
274 275 276 |PI563332|0.030090425447943225
277 278 279 |PI570393|0.010937081712520233
280 281 282 |PI329465|0.0034688195345062563
283 284 285 |PI330169|0.015248541967838836
286 287 288 |PI653616|0.02334267728114051
289 290 291 |PI329501|0.08797548909591786
292 293 294 295 |PI542718|0.0
296 297 298 299 |PI569097|0.06041491571602911
300 301 302 |PI569422|0.0020870112491603956
303 304 305 |PI156018|0.02013756850876809
306 307 308 309 |PI196586|0.0020729839245884193
310 311 312 |PI643016|0.0162339550801614
313 314 315 316 |PI92270|0.0
317 318 319 |PI329841|0.016233955080161396
320 321 322 |PI329843|0.0
323 324 325 |PI452692|0.0034688195345062563
326 327 328 329 |PI570073|0.005814024659215372
330 331 332 |PI642998|1.232595164407831e-32
333 334 335 |PI329617|0.0068906958924034025
336 337 338 |PI562994|0.015248541967838836
339 340 341 342 |PI570076|0.006201209047458808
343 344 345 346 |PI562985|0.051123553803943705
347 348 349 350 |PI152860|0.017871345107328164
351 352 353 |PI562991|0.010506388585211425
354 355 356 |PI330196|0.022065347616244416
357 358 359 |PI152728|0.008246456248093443
360 361 362 363 |PI563002|0.0226547645723641
364 365 366 |PI563329|0.05058770926783679
367 368 369 370 |PI563002|0.0226547645723641
371 372 373 |PI452692|0.0034688195345062563
374 375 376 377 |PI562730|0.0037330011072197154
378 379 380 |PI562981|0.0034688195345062563
381 382 383 384 385 386 387 388 |PI505735|0.06631374976118118
389 390 391 |PI562991|0.010506388585211425
392 393 394 |PI562994|0.015248541967838836
395 396 397 |PI521290|0.12226090057341972
398 399 400 401 |PI562971|0.02405185073874006
402 403 404 405 |PI167093|0.002347887655305445
406 407 408 409 |PI152727|0.002347887655305445
410 411 412 |PI513898|0.0034688195345062567
413 414 415 |PI563332|0.030090425447943225
416 417 418 419 |PI154844|0.023256098636861355
420 421 422 |PI563329|0.05058770926783679
423 424 425 426 427 |PI534165|0.019893121109609224
428 429 430 431 |PI562985|0.051123553803943705
432 433 434 435 |PI562985|0.051123553803943705
436 437 438 |PI521290|0.12226090057341972
439 440 441 |PI52606|0.010944903204661946
442 443 444 |PI653616|0.02334267728114051
445 446 447 448 |PI330167|0.008690291365278761
449 450 451 452 |PI563009|0.010639583903879155
453 454 455 |PI330169|0.015248541967838836
456 457 458 459 |PI35038|0.0006541451381824543
460 461 462 463 |PI35038|0.0006541451381824543
464 465 466 |PI329841|0.016233955080161396
467 468 469 470 |PI329301|0.010867223418159927
471 472 473 474 |PI563348|0.0226547645723641
475 476 477 478 |PI167093|0.002347887655305445
479 480 481 |PI330169|0.015248541967838836
482 483 484 |PI330196|0.022065347616244416
485 486 487 |PI329440|0.050587709267836574
488 489 490 |PI329465|0.0034688195345062563
491 492 493 494 |PI569097|0.06041491571602911
495 496 497 |PI329617|0.0068906958924034025
498 499 500 501 |PI563196|0.0226547645723641
502 503 504 505 |PI329570|0.0015674174314136325
506 507 508 |PI329843|0.0
509 510 511 512 |PI329665|0.0057964166448547915
513 514 515 |PI329333|0.0013932599390343399
516 517 518 |PI329510|0.01524854196783894
519 520 521 |PI329673|0.00518548354029907
522 523 524 525 |PI329605|0.0015674174314136325
526 527 528 529 |PI585461|0.0327055845224572
530 531 532 |PI329569|0.0020870112491603956
533 534 535 536 537 |PI534165|0.019893121109609224
538 539 540 541 |PI563002|0.0226547645723641
542 543 544 545 |PI330167|0.008690291365278761
546 547 548 |PI329584|0.03229025518773337
549 550 551 552 |PI329351|0.045978003422254006
553 554 555 |PI329501|0.08797548909591786
556 557 558 |PI564163|0.0005814623450510704
