0.022065347616244416
0.0034688195345062563
0.0013932599390343399
0.045978003422254006
0.0
0.0068906958924034025
0.010937081712520233
0.05058770926783679
0.015248541967838836
0.0015674174314136325
0.045915345362415365
0.010639583903879155
0.008690291365278761
0.0020870112491603956
0.020137568508768224
0.0015674174314136325
0.010506388585211425
0.0024719439800754066
0.03229025518773337
0.01524854196783894
0.0005814623450510704
0.0034688195345062567
0.061488533364466996
0.01524854196783894
0.02405185073874006
0.0226547645723641
0.002347887655305445
0.010867223418159927
0.12226090057341972
0.0034688195345062567
0.0034688195345062563
0.0327055845224572
0.043585623548091305
0.0226547645723641
0.023256098636861355
0.0005814623450510704
0.0020870112491603956
0.0
0.026557186548683796
0.010639583903879155
0.039589062625475416
0.11100041479414106
0.0015674174314136325
0.004745200624706759
0.0005814623450510704
0.0
0.045915345362415365
0.019893121109609224
0.045978003422254006
0.050587709267836574
0.008690291365278761
0.029431191957237954
0.029431191957237954
0.0006541451381824543
0.010506388585211425
0.03170888551274612
0.00518548354029907
0.017871345107328164
0.0037330011072197154
0.020137568508768224
0.005470488885980327
0.005814024659215305
0.0024719439800754066
0.0057964166448547915
0.0008407664785657136
0.027884647995768775
0.022137596658750876
0.03229025518773337
0.0
0.0013932599390343399
0.012599508322090511
0.0015674174314136325
0.030090425447943225
0.010937081712520233
0.0034688195345062563
0.015248541967838836
0.02334267728114051
0.08797548909591786
0.0
0.06041491571602911
0.0020870112491603956
0.02013756850876809
0.0020729839245884193
0.0162339550801614
0.0
0.016233955080161396
0.0
0.0034688195345062563
0.005814024659215372
0.0068906958924034025
0.015248541967838836
0.006201209047458808
0.051123553803943705
0.017871345107328164
0.010506388585211425
0.022065347616244416
0.008246456248093443
0.0226547645723641
0.05058770926783679
0.0226547645723641
0.0034688195345062563
0.0037330011072197154
0.0034688195345062563
0.06631374976118118
0.010506388585211425
0.015248541967838836
0.12226090057341972
0.02405185073874006
0.002347887655305445
0.002347887655305445
0.0034688195345062567
0.030090425447943225
0.023256098636861355
0.05058770926783679
0.019893121109609224
0.051123553803943705
0.051123553803943705
0.12226090057341972
0.010944903204661946
0.02334267728114051
0.008690291365278761
0.010639583903879155
0.015248541967838836
0.0006541451381824543
0.0006541451381824543
0.016233955080161396
0.010867223418159927
0.0226547645723641
0.002347887655305445
0.015248541967838836
0.022065347616244416
0.050587709267836574
0.0034688195345062563
0.06041491571602911
0.0068906958924034025
0.0226547645723641
0.0015674174314136325
0.0
0.0057964166448547915
0.0013932599390343399
0.01524854196783894
0.00518548354029907
0.0015674174314136325
0.0327055845224572
0.0020870112491603956
0.019893121109609224
0.0226547645723641
0.008690291365278761
0.03229025518773337
0.045978003422254006
0.08797548909591786
0.0005814623450510704
