0
4
5
6
7
8
9
10
11
12
13
14
18
19
20
21
27
28
31
32
34
35
36
38
40
44
45
46
47
48
50
51
52
53
54
57
63
67
68
69
72
73
76
77
78
84
85
86
88
92
93
94
96
98
99
100
104
105
106
109
110
111
112
113
114
117
118
119
120
122
123
125
126
127
129
131
132
137
138
143
144
145
146
147
149
153
154
155
156
157
158
160
161
162
163
164
167
170
174
175
176
177
178
179
180
181
182
185
187
190
191
192
193
194
197
201
202
203
204
206
207
209
211
212
213
214
215
216
218
220
221
222
223
224
225
226
227
228
230
231
236
237
240
244
246
249
254
255
256
259
260
263
264
265
267
268
269
272
273
274
275
277
278
280
281
282
283
285
287
289
290
291
292
293
294
296
298
299
301
304
305
306
307
308
310
312
313
314
315
318
319
320
322
323
325
327
328
329
330
331
332
333
334
335
336
337
338
339
341
342
343
344
345
346
348
349
350
351
352
353
354
355
360
361
362
364
365
367
372
374
376
379
384
386
388
390
391
392
393
394
396
399
400
402
403
404
406
407
408
410
411
412
413
416
417
418
420
423
424
425
428
430
431
433
435
436
442
444
446
448
449
450
451
457
458
460
461
464
465
466
467
469
470
473
475
476
477
478
480
483
484
487
488
490
492
493
494
499
505
506
507
509
510
512
513
514
516
517
519
520
523
524
525
530
531
534
535
538
539
540
541
543
545
551
555
556
558
562
563
565
567
568
569
574
577
579
581
582
583
584
589
590
591
592
593
595
598
600
606
608
610
611
612
613
616
617
618
620
621
623
627
628
630
633
634
635
637
638
640
641
642
644
645
647
650
652
654
656
657
658
659
661
662
663
664
665
666
669
673
674
675
676
678
679
681
682
683
685
686
687
689
691
694
695
697
698
699
701
702
703
705
708
709
712
713
714
717
719
720
721
722
723
727
730
731
735
736
738
741
742
744
745
746
747
748
751
752
754
756
759
761
764
765
766
767
769
770
771
774
775
776
778
781
783
784
785
786
787
788
789
791
793
794
795
798
800
801
803
805
806
807
808
809
811
813
815
816
817
818
819
820
821
822
823
824
825
829
833
834
837
838
839
841
843
844
845
847
850
852
855
856
858
861
862
864
867
868
870
871
872
873
874
875
876
880
883
887
889
890
894
897
900
901
902
903
906
907
908
909
912
913
916
919
920
922
924
926
928
929
930
932
933
937
940
941
948
949
951
953
955
957
958
959
961
962
963
964
968
969
970
971
974
975
976
977
978
979
980
982
983
985
986
989
991
992
993
995
996
997
999
1002
1003
1004
1007
1008
1010
1011
1014
1015
1016
1018
1019
1020
1021
1023
1028
1029
1032
1033
1035
1036
1037
1039
1040
1041
1042
1043
1044
1048
1049
1050
1051
1054
1055
1056
1059
1062
1063
1064
1066
1068
1069
1070
1073
1074
1080
1083
1084
1085
1088
1089
1090
1091
1092
1095
1096
1097
1098
1100
1101
1102
1103
1104
1109
1110
1111
1112
1113
1115
1117
1118
1119
1121
1122
1123
1126
1130
1131
1133
1135
1137
1138
1139
1140
1141
1142
1144
1145
1147
1149
1150
1152
1156
1159
1161
1162
1163
1164
1166
1168
1171
1173
1174
1175
1176
1177
1178
1179
1181
1184
1188
1191
1193
1194
1195
1196
1198
1199
1202
1204
1206
1207
1208
1209
1212
1213
1214
1215
1219
1221
1223
1224
1225
1226
1227
1228
1230
1231
1232
1236
1240
1242
1243
1247
1249
1253
1257
1258
1259
1260
1262
1267
1268
1269
1272
1273
1276
1278
1280
1282
1283
1284
1285
1286
1287
1290
1292
1295
1296
1297
1298
1299
1301
1302
1304
1305
1306
1307
1308
1309
1310
1311
1314
1317
1318
1319
1321
1322
1323
1326
1329
1330
1332
1334
1335
1336
1337
1339
1340
1341
1342
1343
1345
1347
1350
1353
1355
1357
1359
1361
1363
1364
1365
1368
1370
1371
1372
1374
1375
1377
1378
1379
1383
1387
1388
1390
1393
1397
1399
1400
1401
1403
1404
1407
1408
1409
1411
1414
1417
1418
1419
1421
1423
1425
1427
1429
1430
1432
1434
1435
1436
1437
1443
1445
1446
1450
1454
1455
1457
1459
1460
1461
1463
1467
1468
1469
1470
1471
1472
1473
1474
1477
1478
1479
1480
1484
1485
1486
1487
1491
1492
1494
1497
1499
1500
1501
1502
1508
1511
1512
1515
1516
1518
1525
1526
1527
1529
1530
1531
1532
1533
1535
1536
1537
1538
1540
1542
1545
1547
1548
1549
1554
1556
1557
1559
1560
1563
1565
1566
1567
1569
1573
1574
1575
1576
1577
1581
1582
1583
1584
1585
1586
1587
1588
1589
1590
1591
1592
1593
1595
1596
1597
1599
1600
1602
1603
1604
1606
1607
1610
1616
1617
1618
1620
1624
1627
1632
1633
1635
1638
1639
1642
1646
1647
1648
1650
1652
1653
1654
1656
1657
1658
1659
1662
1663
1666
1667
1668
1670
1675
1676
1677
1680
1681
1682
1684
1685
1686
1687
1689
1690
1691
1692
1693
1694
1696
1698
1699
1701
1703
1704
1705
1706
1707
1708
1711
1712
1714
1715
1716
1717
1718
1719
1723
1724
1725
1726
1727
1732
1733
1734
1735
1736
1737
1740
1743
1744
1745
1746
1747
1749
1750
1752
1753
1755
1760
1763
1765
1766
1768
1771
1773
1774
1775
1776
1777
1778
1784
1785
1786
1789
1794
1795
1796
1797
1799
1800
1801
1803
1804
1806
1808
1809
1810
1813
1815
1816
1818
1822
1825
1831
1832
1833
1834
1837
1841
1842
1846
1848
1849
1850
1851
1853
1854
1855
1856
1857
1860
1862
1864
1865
1867
1868
1869
1870
1872
1874
1875
1877
1878
1880
1881
1882
1883
1885
1889
1890
1891
1893
1894
1895
1896
1897
1898
1900
1901
1902
1906
1907
1909
1910
1911
1912
1915
1916
1919
1920
1922
1923
1925
1926
1932
1934
1935
1936
1938
1941
1943
1944
1945
1946
1947
1948
1950
1951
1953
1954
1959
1961
1962
1963
1964
1966
1967
1969
1970
1971
1973
1975
1977
1980
1981
1983
1985
1988
1990
1991
1992
1993
1996
1998
1999
2001
2002
2003
2004
2005
2007
2008
2009
2017
2018
2019
2020
2021
2022
2023
2024
2025
2026
2027
2028
2030
2033
2034
2036
2037
2039
2040
2041
2042
2043
2045
2046
2047
2048
2049
2050
2053
2055
2056
2057
2058
2059
2060
2062
2063
2064
2066
2067
2069
2070
2071
2072
2073
2075
2076
2077
2078
2079
2081
2086
2087
2091
2092
2093
2095
2096
2097
2098
2099
2100
2102
2103
2105
2107
2110
2112
2115
2117
2118
2119
2126
2129
2130
2131
2132
2137
2138
2139
2141
2146
2147
2148
2150
2155
2158
2159
2161
2163
2164
2167
2170
2171
2172
2173
2177
2181
2182
2183
2185
2187
2188
2190
2191
2194
2195
2196
2201
2202
2204
2205
2206
2212
2213
2215
2216
2221
2222
2223
2224
2225
2227
2228
2229
2231
2232
2236
2237
2238
2239
2240
2242
2243
2244
2245
2246
2248
2252
2255
2256
2257
2260
2262
2263
2264
2265
2266
2269
2270
2271
2272
2273
2275
2277
2280
2281
2283
2284
2285
2286
2289
2290
2291
2293
2294
2295
2296
2298
2299
2300
2301
2303
2304
2306
2308
2309
2310
2312
2313
2314
2316
2321
2322
2324
2326
2327
2329
2330
2332
2334
2335
2336
2337
2338
2339
2340
2341
2342
2343
2344
2346
2347
2348
2349
2353
2356
2359
2362
2365
2366
2370
2375
2379
2382
2383
2384
2385
2389
2390
2391
2392
2398
2401
2402
2403
2405
2406
2409
2410
2412
2414
2415
2416
2419
2421
2422
2423
2426
2427
2429
2431
2434
2436
2437
2442
2444
2446
2447
2448
2449
2450
2451
2452
2453
2454
2455
2456
2457
2463
2464
2466
2468
2469
2472
2473
2474
2475
2476
2478
2479
2480
2486
2487
2488
2490
2491
2494
2495
2496
2498
2499
2502
2506
2507
2508
2510
2512
2513
2514
2516
2525
2526
2528
2530
2531
2532
2534
2538
2539
2540
2541
2542
2543
2544
2545
2546
2547
2548
2549
2551
2552
2553
2555
2558
2559
2561
2562
2567
2573
2574
2576
2579
2580
2581
2583
2584
2585
2586
2587
2588
2589
2590
2591
2594
2595
2598
2599
2600
2601
2604
2606
2608
2609
2612
2613
2617
2620
2621
2623
2624
2625
2627
2629
2630
2631
2632
2633
2634
2635
2637
2638
2639
2641
2644
2647
2650
2653
2654
2655
2656
2657
2658
2659
2662
2663
2664
2668
2669
2670
2671
2672
2676
2677
2678
2682
2687
2689
2691
2692
2693
2695
2696
2697
2698
2699
2700
2701
2703
2704
2705
2707
2708
2709
2710
2711
2714
2715
2716
2718
2719
2720
2722
2724
2726
2729
2733
2734
2735
2737
2746
2747
