0 1 2 3 4 5 6 7 8 |PI655981|0.00746009469448477
9 10 11 12 13 14 15 16 17 18 19 20 21 22 23 |PI655978|0.06310768709310421
24 25 26 27 28 29 30 31 32 33 34 35 36 37 |PI656015|0.011515409328792206
38 39 40 41 42 |PI253986|0.0032826100687140952
43 44 45 46 47 |PI642998|0.012326056373412752
48 49 50 51 52 |PI330196|0.02157766492316682
53 54 55 56 57 58 59 60 61 62 |PI452692|0.0186258793080921
63 64 65 66 67 68 69 70 71 72 73 |PI533998|0.01808070283455534
74 75 |PI329333|0.00013324972114470254
76 77 78 |PI329299|0.004993073287226292
79 80 |PI329351|0.00020381130876558453
81 82 83 84 85 86 87 88 |PI226096|0.04713143308160435
89 90 91 92 93 94 95 96 97 |PI542718|0.12259625656887738
98 99 100 101 102 103 104 105 106 107 108 109 |PI329403|0.029748414837355106
110 111 112 113 114 |PI329617|0.023087645446485
115 116 |PI570393|0.0025038997309471617
117 118 119 120 121 122 123 124 125 126 127 128 129 |PI563329|0.027834710851367864
130 131 |PI562994|0.0015137458073773214
132 133 134 135 136 137 138 139 140 141 142 143 144 |PI329570|0.018310880129308982
145 146 147 148 149 150 151 152 153 154 155 |PI329710|0.01757295877342036
156 157 158 159 |PI619838|0.0008880442637276637
160 161 162 163 164 165 166 167 168 169 170 171 |PI329702|0.012031051334670874
172 173 |PI563009|0.0023650996154985487
174 175 176 177 178 179 180 181 182 183 |PI156268|0.03720115651001317
184 185 |PI330167|0.0006719002894404621
186 187 188 189 190 191 192 193 194 195 196 197 |PI570145|0.040956485492393294
198 199 200 201 202 203 204 205 206 207 208 209 210 |PI329569|0.01053014933881735
211 212 |PI569886|0.0019656958325164234
213 214 215 216 217 218 219 220 221 222 223 224 225 226 227 228 229 230 231 232 233 |PI563330|0.20705236385528927
234 235 |PI329605|0.00023571019351338395
236 237 |PI562991|0.005655777041676366
238 239 240 241 242 243 244 245 |PI226096|0.04713143308160435
246 247 |PI655983|0.0069553562812190725
248 249 250 251 252 253 254 255 256 257 258 259 260 261 |PI656015|0.011515409328792206
262 263 264 265 266 |PI329584|0.010406110149790728
267 268 |PI329510|0.00022741103247397293
269 270 271 272 273 274 275 276 277 |PI656065|0.010105660335306728
278 279 280 281 282 283 284 285 |PI576401|0.0029922680679143046
286 287 288 289 290 291 292 293 294 295 296 297 298 299 |PI564163|0.012768755402813163
300 301 302 303 304 305 306 307 308 309 310 311 |PI251672|0.0519499902800698
312 313 |PI513898|0.011806520593629122
314 315 316 317 318 |PI569423|0.02359638076551147
319 320 |PI329510|0.00022741103247397293
321 322 |PI562971|0.005280338493966542
323 324 |PI563348|0.0036901646356911804
325 326 |PI167093|0.004444573410527768
327 328 329 330 331 332 333 334 |PI226096|0.04713143308160435
335 336 337 338 339 340 341 342 343 344 345 |PI533998|0.01808070283455534
346 347 348 349 350 351 352 353 354 355 356 357 358 359 |PI329301|0.029071033826079107
360 361 362 363 364 |PI521290|0.03662416492312
365 366 367 368 369 370 371 372 373 374 375 376 |PI585577|0.041467307436191335
377 378 |PI569460|0.003651146075144706
379 380 |PI562981|0.0015931175205984099
381 382 |PI585461|0.0037884069831100645
383 384 385 386 387 |PI569427|0.026776477374424984
388 389 |PI563196|0.0014251707420965378
390 391 392 393 394 395 396 397 398 399 400 401 402 403 404 405 406 |PI154844|0.05693004423461057
407 408 409 410 411 412 413 414 415 416 417 418 419 420 421 422 423 424 425 426 427 428 429 430 |PI330181|0.25681723779274246
431 432 433 434 435 436 437 438 439 |PI535792|0.004015705900769395
440 441 442 443 444 445 446 447 448 449 450 451 452 |PI329569|0.01053014933881735
453 454 455 456 457 458 459 460 461 462 463 464 |PI330185|0.047749608524666635
465 466 467 468 469 |PI152694|0.03227168637545212
470 471 472 473 474 475 476 477 478 479 480 |PI330168|0.02485172456913982
481 482 483 484 485 486 487 488 489 490 491 492 493 494 495 496 497 498 499 500 501 |PI563330|0.20705236385528927
502 503 504 |PI329299|0.004993073287226292
505 506 507 508 509 510 511 512 513 |PI155149|0.006897860194998662
514 515 516 517 518 519 520 521 522 523 524 525 |PI550604|0.05969142000565006
526 527 |PI563009|0.0023650996154985487
528 529 530 531 532 |PI156487|0.01587661088468356
533 534 535 536 537 538 539 540 541 542 |PI535793|0.008571045553670074
543 544 |PI329605|0.00023571019351338395
545 546 |PI535785|0.006472872638180629
547 548 549 550 551 552 553 554 555 556 557 558 559 560 |PI564163|0.012768755402813163
561 562 |PI569453|3.842201826472971e-05
563 564 565 566 |PI619838|0.0008880442637276637
567 568 569 570 571 572 573 574 575 576 577 |PI534165|0.010870523017321073
578 579 580 581 582 583 584 585 586 587 588 589 590 591 592 593 594 595 596 597 598 |PI562970|0.23792598011972876
599 600 |PI329351|0.00020381130876558453
601 602 603 604 605 606 607 608 609 |PI655981|0.00746009469448477
610 611 |PI329440|0.0014647374419186837
612 613 614 615 616 617 618 619 620 621 622 623 624 625 626 |PI526905|0.028050348608423193
627 628 |PI330167|0.0006719002894404621
629 630 |PI255744|9.88274651006778e-07
631 632 633 634 635 |PI156203|0.02581278835502593
636 637 |PI35038|1.1626090104882367e-05
638 639 |PI570031|0.002606811991260002
640 641 642 643 644 645 646 647 648 649 650 651 652 653 654 655 656 657 658 659 |PI181899|0.031415856595088644
660 661 662 663 664 665 666 667 668 |PI569446|0.13250079316346697
669 670 671 672 673 674 675 676 677 678 679 |PI329710|0.01757295877342036
680 681 |PI569447|0.002747070589258498
682 683 |PI329673|0.0032730885525171947
684 685 686 687 688 689 690 691 692 |PI455217|0.06458698147595367
693 694 695 696 697 |PI569443|0.1286085485517571
698 699 700 701 702 703 704 705 706 |PI656065|0.010105660335306728
707 708 709 710 711 712 713 714 715 716 717 718 |PI570145|0.040956485492393294
719 720 721 722 723 724 725 726 727 728 729 730 731 732 733 |PI655978|0.06310768709310421
734 735 736 737 738 739 740 741 742 |PI562732|0.03020579869226395
743 744 |PI562730|0.007477057719572331
745 746 |PI569886|0.0019656958325164234
747 748 749 750 751 752 753 754 755 756 757 758 759 760 761 762 763 |PI297155|0.011931083223784484
764 765 766 767 768 769 770 771 772 773 |PI197542|0.005474556774134424
774 775 776 777 778 779 780 781 782 |PI533902|0.007191729808906584
783 784 |PI655983|0.0069553562812190725
785 786 787 788 789 790 791 792 793 794 795 796 |PI329702|0.012031051334670874
797 798 799 800 801 802 803 804 805 806 807 |PI452544|0.025963643779929154
808 809 810 811 812 813 814 815 816 817 818 819 |PI561840|0.022291600511189554
820 821 822 823 824 |PI329665|0.025682458617164304
825 826 827 828 829 830 831 832 833 |PI593916|0.051351507989363186
834 835 836 837 838 839 840 841 842 843 844 845 |PI152963|0.02269735592010039
846 847 848 849 850 |PI569421|0.09246384574872824
851 852 853 854 855 |PI156393|0.023006051099573026
856 857 858 859 860 861 862 863 864 865 |PI157804|0.057420760254105654
866 867 868 869 870 871 872 873 874 875 876 |PI452542|0.007752041358133919
877 878 879 880 881 |PI329584|0.010406110149790728
882 883 884 885 886 |PI570109|0.02984619592296466
887 888 889 890 891 892 893 894 895 896 897 898 899 900 |PI656015|0.011515409328792206
901 902 |PI329333|0.00013324972114470254
903 904 905 906 907 |PI253986|0.0032826100687140952
908 909 910 911 912 913 914 915 916 917 918 919 920 921 |PI196049|0.013892811102622912
922 923 924 925 926 927 928 929 930 931 932 933 934 935 |PI569148|0.056119561131884675
936 937 938 939 940 941 942 943 944 945 946 947 948 |PI329570|0.018310880129308982
949 950 951 952 953 954 955 956 957 958 959 960 961 962 963 964 965 966 967 |PI576399|0.11591799316053442
968 969 970 971 972 973 974 975 976 977 978 979 980 981 |PI569452|0.05186255971815965
982 983 984 985 986 987 988 989 990 991 992 |PI181083|0.04623938218913179
993 994 995 996 997 998 999 1000 1001 1002 1003 1004 1005 1006 1007 1008 1009 |PI329435|0.02231747696729296
1010 1011 1012 1013 1014 1015 1016 1017 1018 |PI329614|0.011258456586402923
1019 1020 1021 1022 1023 1024 1025 1026 1027 1028 1029 1030 1031 1032 1033 1034 1035 1036 1037 1038 |PI533792|0.06674335690084605
1039 1040 1041 1042 1043 1044 1045 1046 1047 1048 1049 1050 1051 1052 |PI563332|0.05234874736192803
1053 1054 1055 1056 1057 1058 1059 1060 1061 1062 1063 |PI540518|0.08210696755700728
1064 1065 1066 1067 1068 1069 1070 1071 1072 1073 1074 1075 1076 1077 1078 1079 1080 1081 |PI330182|0.14776864452108956
1082 1083 |PI570393|0.0025038997309471617
1084 1085 |PI329465|0.00010674574213361877
1086 1087 1088 1089 1090 1091 1092 |PI213900|0.01208309815665509
1093 1094 1095 1096 1097 1098 1099 1100 1101 |PI181080|0.009022018111398312
1102 1103 1104 1105 1106 1107 1108 1109 1110 1111 |PI156268|0.03720115651001317
1112 1113 1114 1115 1116 1117 1118 1119 1120 1121 1122 1123 |PI329310|0.08341671803824474
1124 1125 |PI330169|0.007198914604174333
1126 1127 1128 1129 1130 1131 1132 1133 1134 |PI329865|0.007243223837367026
1135 1136 1137 1138 1139 1140 1141 1142 1143 1144 1145 1146 |PI535794|0.02290103365654965
1147 1148 |PI653616|0.001555343791191983
1149 1150 1151 1152 1153 1154 1155 1156 |PI329394|0.04143345141241736
1157 1158 |PI329501|0.008856621136904136
1159 1160 1161 1162 1163 1164 1165 1166 1167 |PI542718|0.12259625656887738
1168 1169 1170 1171 1172 1173 1174 1175 1176 1177 1178 1179 1180 1181 |PI569097|0.03492007384068286
1182 1183 1184 1185 1186 1187 1188 1189 1190 |PI337689|0.011119542517625767
1191 1192 1193 1194 1195 1196 1197 1198 1199 1200 1201 1202 |PI329403|0.029748414837355106
1203 1204 1205 1206 1207 1208 1209 1210 1211 1212 1213 1214 |PI300119|0.02561807897502712
1215 1216 1217 1218 1219 |PI569422|0.01669675982769937
1220 1221 1222 1223 1224 |PI156018|0.0654560485636422
1225 1226 |PI196586|0.0003523610642906361
1227 1228 1229 1230 1231 |PI643016|0.027164766210435242
1232 1233 1234 1235 1236 1237 1238 |PI527045|0.0008684257656716117
1239 1240 1241 1242 1243 1244 1245 1246 1247 1248 1249 1250 1251 1252 |PI92270|0.025595400527058453
1253 1254 1255 1256 1257 1258 1259 1260 1261 1262 1263 1264 1265 1266 1267 1268 1269 1270 1271 1272 1273 |PI329519|0.19678631448458783
1274 1275 1276 1277 1278 1279 1280 1281 1282 1283 1284 1285 1286 1287 |PI329841|0.03438407391529229
1288 1289 1290 1291 1292 |PI253986|0.0032826100687140952
1293 1294 1295 1296 1297 1298 1299 1300 1301 1302 1303 |PI329843|0.052997944167085025
1304 1305 1306 1307 1308 1309 1310 1311 1312 1313 |PI452692|0.0186258793080921
1314 1315 1316 1317 1318 1319 1320 1321 1322 |PI329300|0.011353508995021154
1323 1324 1325 1326 1327 1328 1329 1330 1331 1332 |PI329256|0.05646604216047353
1333 1334 1335 1336 1337 1338 1339 1340 1341 1342 1343 1344 |PI329511|0.04454282354855605
1345 1346 |PI570073|0.00017995337518903753
1347 1348 1349 1350 1351 |PI253986|0.0032826100687140952
1352 1353 1354 1355 1356 |PI642998|0.012326056373412752
1357 1358 1359 1360 1361 |PI329617|0.023087645446485
1362 1363 |PI562994|0.0015137458073773214
1364 1365 |PI570076|0.003692850851531064
1366 1367 1368 1369 1370 1371 1372 1373 1374 1375 1376 1377 1378 1379 |PI562985|0.041631563719399745
1380 1381 |PI152860|1.70760631219521e-05
1382 1383 |PI562991|0.005655777041676366
1384 1385 1386 1387 1388 1389 1390 1391 |PI576401|0.0029922680679143046
1392 1393 1394 1395 1396 |PI330196|0.02157766492316682
1397 1398 1399 1400 1401 |PI152728|0.011368564232311496
1402 1403 |PI563002|0.002090417904169926
1404 1405 1406 1407 1408 1409 1410 1411 1412 1413 1414 1415 1416 |PI563329|0.027834710851367864
1417 1418 1419 1420 1421 1422 1423 1424 1425 1426 1427 1428 |PI585577|0.041467307436191335
1429 1430 |PI563002|0.002090417904169926
1431 1432 1433 1434 1435 1436 1437 1438 1439 1440 |PI452692|0.0186258793080921
1441 1442 |PI562730|0.007477057719572331
1443 1444 |PI562981|0.0015931175205984099
1445 1446 1447 1448 |PI505735|0.006829178893604247
1449 1450 |PI562991|0.005655777041676366
1451 1452 |PI562994|0.0015137458073773214
1453 1454 1455 1456 1457 |PI521290|0.03662416492312
1458 1459 |PI562971|0.005280338493966542
1460 1461 1462 1463 1464 1465 1466 1467 1468 1469 1470 |PI452544|0.025963643779929154
1471 1472 |PI167093|0.004444573410527768
1473 1474 |PI152727|0.00340835332111928
1475 1476 |PI513898|0.011806520593629122
1477 1478 1479 1480 1481 1482 1483 1484 1485 1486 1487 1488 1489 1490 |PI563332|0.05234874736192803
1491 1492 1493 1494 1495 1496 1497 1498 1499 |PI562732|0.03020579869226395
1500 1501 1502 1503 1504 1505 1506 1507 1508 1509 1510 1511 1512 1513 1514 1515 1516 |PI154844|0.05693004423461057
1517 1518 1519 1520 1521 1522 1523 1524 1525 1526 1527 1528 1529 |PI563329|0.027834710851367864
1530 1531 1532 1533 1534 1535 1536 1537 1538 |PI455217|0.06458698147595367
1539 1540 1541 1542 1543 |PI253986|0.0032826100687140952
1544 1545 1546 1547 1548 1549 1550 1551 1552 1553 1554 |PI452542|0.007752041358133919
1555 1556 1557 1558 1559 1560 1561 1562 1563 1564 1565 |PI534165|0.010870523017321073
1566 1567 1568 1569 1570 1571 1572 1573 1574 1575 1576 1577 1578 1579 1580 1581 1582 1583 1584 1585 1586 |PI562970|0.23792598011972876
1587 1588 1589 1590 1591 1592 1593 1594 1595 1596 1597 1598 1599 1600 |PI562985|0.041631563719399745
1601 1602 1603 1604 1605 1606 1607 1608 1609 1610 1611 1612 1613 1614 1615 1616 1617 1618 1619 1620 1621 |PI563330|0.20705236385528927
1622 1623 1624 1625 1626 1627 1628 1629 1630 1631 1632 1633 1634 1635 |PI562985|0.041631563719399745
1636 1637 1638 1639 1640 |PI521290|0.03662416492312
1641 1642 1643 1644 1645 1646 1647 1648 1649 1650 1651 1652 1653 1654 1655 1656 1657 1658 1659 1660 1661 |PI562970|0.23792598011972876
1662 1663 1664 1665 1666 1667 1668 1669 1670 |PI562732|0.03020579869226395
1671 1672 1673 1674 1675 1676 1677 1678 1679 1680 1681 1682 1683 1684 1685 1686 |PI52606|0.0507335204393257
1687 1688 1689 1690 1691 1692 1693 1694 1695 1696 1697 1698 1699 1700 1701 1702 1703 1704 1705 1706 |PI533792|0.06674335690084605
1707 1708 1709 1710 1711 1712 1713 1714 1715 1716 1717 1718 1719 1720 1721 1722 1723 1724 1725 |PI576399|0.11591799316053442
1726 1727 |PI653616|0.001555343791191983
1728 1729 1730 1731 1732 1733 1734 1735 1736 |PI533902|0.007191729808906584
1737 1738 |PI330167|0.0006719002894404621
1739 1740 |PI563009|0.0023650996154985487
1741 1742 |PI330169|0.007198914604174333
1743 1744 1745 1746 1747 1748 1749 1750 1751 1752 1753 1754 1755 1756 |PI569148|0.056119561131884675
1757 1758 1759 1760 1761 1762 1763 1764 1765 |PI337689|0.011119542517625767
1766 1767 |PI35038|1.1626090104882367e-05
1768 1769 1770 1771 1772 1773 1774 1775 1776 1777 1778 |PI330168|0.02485172456913982
1779 1780 |PI35038|1.1626090104882367e-05
1781 1782 1783 1784 1785 1786 1787 1788 |PI329394|0.04143345141241736
1789 1790 1791 1792 1793 1794 1795 1796 1797 1798 1799 1800 1801 1802 |PI329841|0.03438407391529229
1803 1804 1805 1806 1807 1808 1809 1810 1811 |PI329300|0.011353508995021154
1812 1813 1814 1815 1816 1817 1818 1819 1820 1821 1822 1823 1824 1825 |PI329301|0.029071033826079107
1826 1827 |PI563348|0.0036901646356911804
1828 1829 1830 1831 1832 1833 1834 1835 1836 |PI329865|0.007243223837367026
1837 1838 1839 1840 1841 1842 1843 1844 1845 |PI329614|0.011258456586402923
1846 1847 1848 1849 1850 1851 1852 1853 1854 1855 1856 1857 |PI329702|0.012031051334670874
1858 1859 |PI167093|0.004444573410527768
1860 1861 |PI330169|0.007198914604174333
1862 1863 1864 |PI329299|0.004993073287226292
1865 1866 1867 1868 1869 |PI330196|0.02157766492316682
1870 1871 |PI329440|0.0014647374419186837
1872 1873 1874 1875 1876 1877 1878 1879 1880 1881 1882 1883 1884 1885 1886 1887 1888 |PI329435|0.02231747696729296
1889 1890 1891 1892 1893 1894 1895 1896 1897 1898 1899 |PI329710|0.01757295877342036
1900 1901 |PI329465|0.00010674574213361877
1902 1903 1904 1905 1906 1907 1908 1909 1910 1911 1912 1913 1914 1915 1916 1917 1918 1919 1920 1921 1922 |PI329519|0.19678631448458783
1923 1924 1925 1926 1927 1928 1929 1930 1931 1932 1933 1934 1935 1936 |PI569097|0.03492007384068286
1937 1938 1939 1940 1941 |PI329617|0.023087645446485
1942 1943 |PI563196|0.0014251707420965378
1944 1945 1946 1947 1948 1949 1950 1951 1952 1953 1954 1955 1956 |PI329570|0.018310880129308982
1957 1958 1959 1960 1961 1962 1963 1964 1965 1966 1967 |PI329843|0.052997944167085025
1968 1969 1970 1971 1972 |PI329665|0.025682458617164304
1973 1974 |PI329333|0.00013324972114470254
1975 1976 |PI329510|0.00022741103247397293
1977 1978 |PI329673|0.0032730885525171947
1979 1980 1981 1982 1983 1984 1985 1986 1987 1988 |PI329256|0.05646604216047353
1989 1990 |PI329605|0.00023571019351338395
1991 1992 |PI585461|0.0037884069831100645
1993 1994 1995 1996 1997 1998 1999 2000 2001 2002 2003 2004 2005 |PI329569|0.01053014933881735
2006 2007 2008 2009 2010 2011 2012 2013 2014 2015 2016 2017 2018 2019 2020 2021 2022 2023 |PI330182|0.14776864452108956
2024 2025 2026 2027 2028 2029 2030 2031 2032 2033 2034 2035 2036 2037 2038 2039 2040 2041 2042 2043 2044 2045 2046 2047 |PI330181|0.25681723779274246
2048 2049 2050 2051 2052 2053 2054 2055 2056 2057 2058 |PI534165|0.010870523017321073
2059 2060 2061 2062 2063 2064 2065 2066 2067 2068 2069 2070 |PI329310|0.08341671803824474
2071 2072 2073 2074 2075 2076 2077 2078 2079 2080 2081 2082 |PI329511|0.04454282354855605
2083 2084 |PI563002|0.002090417904169926
2085 2086 |PI330167|0.0006719002894404621
2087 2088 2089 2090 2091 |PI329584|0.010406110149790728
2092 2093 2094 2095 2096 2097 2098 2099 2100 2101 2102 2103 |PI330185|0.047749608524666635
2104 2105 2106 2107 2108 2109 2110 2111 2112 2113 2114 2115 |PI329403|0.029748414837355106
2116 2117 |PI329351|0.00020381130876558453
2118 2119 2120 2121 2122 2123 2124 |PI213900|0.01208309815665509
2125 2126 |PI329501|0.008856621136904136
2127 2128 2129 2130 2131 2132 2133 2134 2135 2136 2137 2138 2139 2140 |PI564163|0.012768755402813163
