1.800679787832099921e+00
1.581040439900339933e+00
1.597770029285700000e+00
1.559578915818129907e+00
1.666006240935290039e+00
1.776978347251410018e+00
1.571839133395350085e+00
1.680181779092829952e+00
1.733080478476189956e+00
1.388373577725440011e+00
1.284855539206080088e+00
1.330565057673749996e+00
1.284428674441139950e+00
1.383065329479050032e+00
1.326761467395539906e+00
1.338892326491059936e+00
1.331184482978039929e+00
1.786050871511080107e+00
1.620637017113649936e+00
1.724733898743880056e+00
1.563026511969950016e+00
1.809034786709490028e+00
1.863741552847389960e+00
2.102499752377199993e+00
1.741513204360269906e+00
1.848184098586379998e+00
1.991831041732089913e+00
1.686836842192739994e+00
1.814999600788200107e+00
1.736460796808779961e+00
1.994539543217120015e+00
2.055264221012920167e+00
1.964588625043480086e+00
1.903289930688579989e+00
1.781970659357720033e+00
1.910906747032969921e+00
1.820931053639879948e+00
1.927125832820800078e+00
1.682047361363550042e+00
1.738257045579109983e+00
1.679092325773640093e+00
1.836909653394509956e+00
1.744719978427049956e+00
1.932889274663480039e+00
1.654225182745179934e+00
1.862395778432720084e+00
1.687795052210659952e+00
1.879325653936499974e+00
2.307337541638999845e+00
1.978563313920419953e+00
2.408636336563069857e+00
2.279223493461139949e+00
2.323091614742850197e+00
2.151496344545849926e+00
2.247111939450999962e+00
2.305688395274419822e+00
2.468699240592949984e+00
2.121987338189370131e+00
2.374756637524650049e+00
2.499321118250770191e+00
2.445335499821410075e+00
2.508914471274790170e+00
2.457855367931970125e+00
1.531282253819240102e+00
1.379496863194809908e+00
1.550688649148050047e+00
1.770485898110530032e+00
1.646542890865660080e+00
1.592437068121389965e+00
1.681852613760949966e+00
1.839619150419069982e+00
1.774642472548809913e+00
1.625438609865309969e+00
1.826758947704040015e+00
2.431013284910500172e+00
2.407926516306409859e+00
2.238850534508099788e+00
2.320596887683379794e+00
2.147598845535069856e+00
2.294898484354550128e+00
2.266345984725580021e+00
2.100819645608849928e+00
1.914419180616830030e+00
1.472055764706440062e+00
1.900726854911299890e+00
1.978732346500370110e+00
2.117075646166719949e+00
1.944116087562719919e+00
2.257099346560940134e+00
1.448477103119079956e+00
1.416844642000119947e+00
1.355926752154489989e+00
1.538509640836140058e+00
1.760256075786349905e+00
1.495405225034390106e+00
2.541354045176880128e+00
1.939786529738960041e+00
1.605368168917880034e+00
2.262768415400639999e+00
1.980904343730649941e+00
2.245431930973699863e+00
2.483644694284880217e+00
2.718437882308609943e+00
2.322091508579330110e+00
2.272924212282700029e+00
2.244137236857119966e+00
2.406166344324609963e+00
2.482100765501729978e+00
2.234348370744990042e+00
2.347606570200280185e+00
1.954643143597690091e+00
2.259455269097359942e+00
2.394912794333219797e+00
2.331623578228040117e+00
2.194353010572890117e+00
2.496340408153840063e+00
2.396262443927000163e+00
2.561706036410730025e+00
2.487250685144729800e+00
2.353301848046439826e+00
2.041917905687579804e+00
2.155668342910099788e+00
2.344270133062679839e+00
2.466449537500929878e+00
2.362946352109230208e+00
2.600733487259720089e+00
2.555523834996929811e+00
2.452646960326589909e+00
2.442337090029039981e+00
2.146900928556429999e+00
2.131700343003799958e+00
2.209514115753290042e+00
2.252035150442869949e+00
2.467137984823520203e+00
2.311032568213160054e+00
2.393862985522090092e+00
2.653779321585910012e+00
2.582104399269869788e+00
2.381261896809890199e+00
2.404535965744449832e+00
2.370127155425609811e+00
2.456635776375780011e+00
2.499296809400219921e+00
2.764074529849199990e+00
2.530104390359449784e+00
2.279794241757380213e+00
2.221361203794249839e+00
2.100961519724979798e+00
2.227094793400040018e+00
2.225548548771589807e+00
2.391601109061229913e+00
2.542022712564549813e+00
2.457861719348080065e+00
2.487578163734259995e+00
2.390203921999840109e+00
2.445005625889970169e+00
2.293027029554230101e+00
2.236804156667460131e+00
2.306112287237620073e+00
2.312118732566399881e+00
2.237099609382609877e+00
2.403822341457499956e+00
2.113358715982510017e+00
2.058200256639569847e+00
2.242680224697140012e+00
2.190856868689599946e+00
2.366263703646730221e+00
2.361047537319330036e+00
2.166990891701990218e+00
2.216937717286649789e+00
2.198955227102000087e+00
2.408744273810610181e+00
2.115296211444249952e+00
2.212560791132820004e+00
2.208639781332049967e+00
2.172620811572380184e+00
2.040057916207690170e+00
1.813178969921269923e+00
2.390144282137049991e+00
2.481826985110359818e+00
2.333589318321779960e+00
2.349070321314719934e+00
2.440332751018130075e+00
2.189416867853720028e+00
2.496689249564069790e+00
2.444847170537840064e+00
2.483193647104859902e+00
2.443901478283270201e+00
2.729378481946699964e+00
2.130562237751899790e+00
2.121610733134189797e+00
2.266071565675450206e+00
2.173207425684990035e+00
2.313831025702219879e+00
2.091814832213069852e+00
2.164838396530309961e+00
2.388125814922759993e+00
2.639879579064469795e+00
2.400711380456760136e+00
2.236463240541899822e+00
2.177118243692540034e+00
2.427428553282810153e+00
2.365993392154630115e+00
2.278561214878509933e+00
2.148530702821150218e+00
2.203367819365170011e+00
2.487568479629060025e+00
2.327694549110760125e+00
2.439298074046219789e+00
2.367092778556870059e+00
2.314264240447549970e+00
2.344947813847490181e+00
2.256275476954490156e+00
1.473311369441300034e+00
1.470591691303759996e+00
1.419087375821769914e+00
1.379443312508769948e+00
1.365220264457160049e+00
1.462171750227380107e+00
1.373117824104090001e+00
1.324306752868660064e+00
1.350597755678569989e+00
2.237886207207699929e+00
2.049817080379209955e+00
2.238858694880680122e+00
2.354908087165219932e+00
2.261482179677099857e+00
2.511965545823959811e+00
2.278365537077479797e+00
2.487386366142370075e+00
2.278122592097560073e+00
2.256964108459710072e+00
2.240494893155970058e+00
2.407636258982329913e+00
2.282658486103950057e+00
2.251952773702940114e+00
2.226561830385449969e+00
2.076152029618659967e+00
2.100819645608849928e+00
1.914419180616830030e+00
1.472055764706440062e+00
1.900726854911299890e+00
1.978732346500370110e+00
2.117075646166719949e+00
1.944116087562719919e+00
2.257099346560940134e+00
2.320896985933920131e+00
2.154099428623040158e+00
1.741513204360269906e+00
1.848184098586379998e+00
1.991831041732089913e+00
1.686836842192739994e+00
1.814999600788200107e+00
1.736460796808779961e+00
1.994539543217120015e+00
2.055264221012920167e+00
1.964588625043480086e+00
1.903289930688579989e+00
1.781970659357720033e+00
1.910906747032969921e+00
1.820931053639879948e+00
1.927125832820800078e+00
2.321282885880730174e+00
2.056330374704499864e+00
2.222875562172379915e+00
2.268551918178910221e+00
2.343003228060569931e+00
2.309054635106159825e+00
2.278894327914489981e+00
1.824761774623399946e+00
1.795792318373560015e+00
1.817459830173139945e+00
1.974399555665510064e+00
2.097900970238789853e+00
1.992215657745030066e+00
2.005569599018429905e+00
1.831396117611330032e+00
1.883977072063240055e+00
1.758626275346300005e+00
1.877475697319270109e+00
1.818136823886500109e+00
1.774511310189289981e+00
1.788528738613710090e+00
1.762286452149169902e+00
1.822823532576230088e+00
1.923031385082990097e+00
1.733099043488329993e+00
1.623742713580689889e+00
1.757005760318149923e+00
1.711591445301199998e+00
1.888214808032399938e+00
1.764507383894609927e+00
1.721635799821690016e+00
1.975847086593520041e+00
1.840616116363829935e+00
1.545876741521960085e+00
1.715645527046820051e+00
1.557229136998649954e+00
1.797342668493099982e+00
1.717945779531590000e+00
2.118541545520059799e+00
1.973262310533310027e+00
2.019781134782320020e+00
1.575133221495679914e+00
1.836160669866079953e+00
1.967241174575300011e+00
2.207516743293759909e+00
2.487237114011259909e+00
2.183892311686959964e+00
2.039702454428749867e+00
2.166048345187019830e+00
2.359223219445520048e+00
2.383597324377110027e+00
2.166281695913539806e+00
2.166509816062299976e+00
2.448823143552540049e+00
2.194544100351830007e+00
2.403274277569659834e+00
2.568501575554730021e+00
2.309054635106159825e+00
2.278894327914489981e+00
2.024932116361270129e+00
2.170263991653190061e+00
2.270398306010990019e+00
2.148904855394239810e+00
2.333580102065329953e+00
2.200244834254780013e+00
2.100819645608849928e+00
1.914419180616830030e+00
1.472055764706440062e+00
1.900726854911299890e+00
1.978732346500370110e+00
2.117075646166719949e+00
1.944116087562719919e+00
2.257099346560940134e+00
1.531282253819240102e+00
1.379496863194809908e+00
1.550688649148050047e+00
1.770485898110530032e+00
1.646542890865660080e+00
1.592437068121389965e+00
1.681852613760949966e+00
1.839619150419069982e+00
1.774642472548809913e+00
1.625438609865309969e+00
1.826758947704040015e+00
2.162861547004709895e+00
1.985624853779089927e+00
1.921862805153379927e+00
2.090780062464880018e+00
2.146895554304860010e+00
2.083971477682299955e+00
2.295752883881529982e+00
2.223055284316850067e+00
2.254189326730740017e+00
2.406037789203669952e+00
2.464510561274860123e+00
2.312557445618169893e+00
2.317809724159459961e+00
2.537827227483440140e+00
1.933348117623280071e+00
2.271447231451139803e+00
2.244446335272619830e+00
2.337550165977630101e+00
2.524686110772799807e+00
2.508849057521170156e+00
1.802524454413720001e+00
1.971794421943360076e+00
2.275218990918649986e+00
2.320999085516279870e+00
2.459639590267499898e+00
2.208787151122769910e+00
2.243377325059979999e+00
2.335494680891249786e+00
2.070416674772889820e+00
2.325888650805549851e+00
2.487264255726489903e+00
1.983474684857229997e+00
2.104324113075069835e+00
2.186112162261769853e+00
2.265939914844400160e+00
2.125942000949180066e+00
2.002841928112319980e+00
2.338168896771459782e+00
1.974183236046310075e+00
2.069245476112199889e+00
2.196620378214940050e+00
2.416094502817899947e+00
2.208197281192009864e+00
2.132694413906150110e+00
2.040390818202840073e+00
2.087065396525729977e+00
2.164746709172030048e+00
1.924405277538540071e+00
2.132789734010810179e+00
1.848078875148589928e+00
2.459591151680930121e+00
2.475567655549820056e+00
2.537867212095429981e+00
2.350466355243599814e+00
2.293927744446130124e+00
2.317035847783690095e+00
2.422703511981609825e+00
2.618881201469239972e+00
2.552115605951979838e+00
2.616193809768100120e+00
2.570605993416319901e+00
1.410561690326330053e+00
1.376160367830230102e+00
1.381844628760080074e+00
1.155427450923550037e+00
1.360492502262659942e+00
1.373554174755369894e+00
1.188421768498779896e+00
1.329447187305770051e+00
1.388634182157989949e+00
1.328762196820530095e+00
1.438800825592829957e+00
1.515842480520980029e+00
2.163102255000629803e+00
2.196124546520270115e+00
1.978625599040209959e+00
2.482759674684220208e+00
2.467471391728839780e+00
2.343376346569660207e+00
2.189147062638630015e+00
2.133237934139499803e+00
2.221528850486980122e+00
2.657995217643419839e+00
2.313726709619940092e+00
2.655156157399269912e+00
1.752482073232360049e+00
1.683644326321189988e+00
1.686132402562940058e+00
1.703920578828010068e+00
1.523303765167919988e+00
1.704851252637249903e+00
1.632463740681149966e+00
1.731088032459600079e+00
1.695134564941989996e+00
2.400711380456760136e+00
2.236463240541899822e+00
2.177118243692540034e+00
2.427428553282810153e+00
2.365993392154630115e+00
2.278561214878509933e+00
2.148530702821150218e+00
2.203367819365170011e+00
2.487568479629060025e+00
2.327694549110760125e+00
2.439298074046219789e+00
2.367092778556870059e+00
2.314264240447549970e+00
2.469266466381419889e+00
2.478760716516709817e+00
2.226938376619049809e+00
2.384898588744190029e+00
2.240791155233259779e+00
2.303930351542000210e+00
2.589088756795689950e+00
1.829843647473200052e+00
1.968967376791789903e+00
2.350656139273069822e+00
2.556750892656979968e+00
2.435024993217360212e+00
2.156802386217210099e+00
2.412267348209430118e+00
2.008242596579259853e+00
1.902787820753810033e+00
1.983492221866389960e+00
2.271291768668299849e+00
2.125564104832560197e+00
2.479650437976749888e+00
2.460663578080390046e+00
2.470245068213530182e+00
2.155647402680449964e+00
2.530302125861440210e+00
2.510558318749910089e+00
2.533974658981620109e+00
2.139900683886879929e+00
2.419161082274360108e+00
1.473311369441300034e+00
1.470591691303759996e+00
1.419087375821769914e+00
1.379443312508769948e+00
1.365220264457160049e+00
1.462171750227380107e+00
1.373117824104090001e+00
1.324306752868660064e+00
1.350597755678569989e+00
2.237886207207699929e+00
2.049817080379209955e+00
2.238858694880680122e+00
2.354908087165219932e+00
2.261482179677099857e+00
2.511965545823959811e+00
2.278365537077479797e+00
2.487386366142370075e+00
2.278122592097560073e+00
2.256964108459710072e+00
2.240494893155970058e+00
2.407636258982329913e+00
2.238850534508099788e+00
2.320596887683379794e+00
2.147598845535069856e+00
1.978892403712080084e+00
1.963947748767439938e+00
1.986477582227279992e+00
2.118939159034829878e+00
2.127369558808890115e+00
2.150551478530180027e+00
1.959304297625279911e+00
1.927260761436319969e+00
2.107562487826089903e+00
9.958010993445900461e-01
1.638186591505210066e+00
1.752919716791780047e+00
1.787520872355560009e+00
1.647695776860800043e+00
1.689216643391270090e+00
1.749296302073130027e+00
1.692377529966669902e+00
1.440589247768939929e+00
1.808975632323249982e+00
1.963668722670919964e+00
1.943157705484330089e+00
2.115296211444249952e+00
2.212560791132820004e+00
2.153636266578140113e+00
2.429615345202800203e+00
2.411881236390279959e+00
2.371322798960389999e+00
2.536816025494339932e+00
1.606672108859890091e+00
1.686217868402410058e+00
1.799083961673809906e+00
1.559422777454890108e+00
1.723494286210389914e+00
1.703758457309189955e+00
1.653495495593459985e+00
1.600100869084960076e+00
1.830065871464569893e+00
1.536709052828570066e+00
2.282658486103950057e+00
2.251952773702940114e+00
2.091358151469000060e+00
2.252266481125119846e+00
1.733099043488329993e+00
1.623742713580689889e+00
1.757005760318149923e+00
1.711591445301199998e+00
1.888214808032399938e+00
1.764507383894609927e+00
1.721635799821690016e+00
1.975847086593520041e+00
1.840616116363829935e+00
1.545876741521960085e+00
1.715645527046820051e+00
1.557229136998649954e+00
1.797342668493099982e+00
1.717945779531590000e+00
2.208943381353610125e+00
2.196546281972750148e+00
2.293027029554230101e+00
2.236804156667460131e+00
2.306112287237620073e+00
2.312118732566399881e+00
1.686943445904790062e+00
1.514665905671590096e+00
1.768788649228469900e+00
1.476770135959299957e+00
1.459190737742749988e+00
1.696856566377699993e+00
1.484286874298470060e+00
1.661596677978399939e+00
1.696400996802319927e+00
1.662584175009659937e+00
1.664550448178520048e+00
1.167162897810759992e+00
1.348312793737380000e+00
1.382269726812690003e+00
1.495783392289850022e+00
1.517829651185820028e+00
1.450820540049650109e+00
1.363089805155140111e+00
1.555526995176619964e+00
1.412556033049660043e+00
2.351958355167529824e+00
2.432334555662710063e+00
2.150099333209249952e+00
2.412609376022630148e+00
2.378037214695329915e+00
2.305180351334739974e+00
2.641825231749950209e+00
2.367944744697779935e+00
2.461500198432819975e+00
2.296519291556540221e+00
2.214673090532849997e+00
2.404553352170370140e+00
2.294898484354550128e+00
2.266345984725580021e+00
1.800679787832099921e+00
1.581040439900339933e+00
1.597770029285700000e+00
1.559578915818129907e+00
1.666006240935290039e+00
1.776978347251410018e+00
1.571839133395350085e+00
1.680181779092829952e+00
1.733080478476189956e+00
2.269457775453130211e+00
2.192913998647469942e+00
1.598354266815720015e+00
1.705093610973670071e+00
1.684289574332719974e+00
1.701153747087019941e+00
1.699166238808279994e+00
1.603512157787450043e+00
1.786525773000620099e+00
1.782867477170170023e+00
1.785591156950939951e+00
2.306025550014649816e+00
1.917200618492179931e+00
1.857303442654210102e+00
1.623459224645869892e+00
1.796637461230170096e+00
1.717148334943829902e+00
2.496689249564069790e+00
2.444847170537840064e+00
2.269662464164400095e+00
2.271650704241459984e+00
2.666431542995729931e+00
2.460827292893589924e+00
2.399356931784390135e+00
2.521558997445440209e+00
2.176975849759199999e+00
1.835396337879070083e+00
1.828576927316599932e+00
2.234207729353729910e+00
2.132093832331630079e+00
1.408113328164229960e+00
1.407769119927960055e+00
1.427817952961160097e+00
1.449564073147250109e+00
1.234369048305669958e+00
1.440455447967279978e+00
1.421456836371769894e+00
1.385651162002560000e+00
1.213112157583529971e+00
1.749914710984910027e+00
1.589652712573059956e+00
1.592861202947019938e+00
1.726025815988089906e+00
1.770552281366329916e+00
1.495518720202039908e+00
1.527316846073190071e+00
1.780411518665129922e+00
1.666346525922479893e+00
1.839781022983800085e+00
1.687582354229280046e+00
2.245007600154279803e+00
2.269465220878490008e+00
2.341722502267180150e+00
1.504070234107520054e+00
1.537643903371509913e+00
1.557292012907800061e+00
2.265246952346680054e+00
2.270869432923429798e+00
2.400939936226790028e+00
2.279794241757380213e+00
2.221361203794249839e+00
2.100961519724979798e+00
2.227094793400040018e+00
2.225548548771589807e+00
2.391601109061229913e+00
2.542022712564549813e+00
2.457861719348080065e+00
2.487578163734259995e+00
2.390203921999840109e+00
2.445005625889970169e+00
1.994776978248580024e+00
2.099601986510129858e+00
2.084924021894119850e+00
2.199345847653320085e+00
2.041483360227319910e+00
2.155396017409640042e+00
1.940565219557460086e+00
1.695903301685169895e+00
1.860512671804890106e+00
1.905634247280260096e+00
2.281094642791730021e+00
2.496890845618560117e+00
2.419084997923290015e+00
2.380659470245280129e+00
1.652338856043269910e+00
2.270435426745049945e+00
2.574714283013430194e+00
2.675918162241929910e+00
1.824761774623399946e+00
1.795792318373560015e+00
1.817459830173139945e+00
1.974399555665510064e+00
2.097900970238789853e+00
1.992215657745030066e+00
2.005569599018429905e+00
1.831396117611330032e+00
1.883977072063240055e+00
2.483193647104859902e+00
2.443901478283270201e+00
2.729378481946699964e+00
2.130562237751899790e+00
2.121610733134189797e+00
2.266071565675450206e+00
2.173207425684990035e+00
2.313831025702219879e+00
2.091814832213069852e+00
2.164838396530309961e+00
2.388125814922759993e+00
2.639879579064469795e+00
1.388373577725440011e+00
1.284855539206080088e+00
1.330565057673749996e+00
1.284428674441139950e+00
1.383065329479050032e+00
1.326761467395539906e+00
1.338892326491059936e+00
1.331184482978039929e+00
1.786050871511080107e+00
1.620637017113649936e+00
1.724733898743880056e+00
1.563026511969950016e+00
1.809034786709490028e+00
1.863741552847389960e+00
2.102499752377199993e+00
2.054896279089200029e+00
2.380731498771579968e+00
2.421539463625320021e+00
2.665637206991279928e+00
2.417016959753599981e+00
2.164114399904620178e+00
2.361228573565750111e+00
2.489919264912960006e+00
2.531409663151960032e+00
1.838930314946910061e+00
2.011870278166199899e+00
2.344947813847490181e+00
2.256275476954490156e+00
1.738713729100000105e+00
1.654483721058239931e+00
1.736332122702459957e+00
1.649179052321009920e+00
1.555842862157700068e+00
1.741676086187690098e+00
1.856252481046700042e+00
1.857329034573619975e+00
1.756244509815600097e+00
1.825888411817240042e+00
1.878149595642490066e+00
1.837480474934580110e+00
1.869762105417329900e+00
1.864531394407380027e+00
1.846615466723430021e+00
2.025280442032160177e+00
1.897894751581389983e+00
1.619256081245999956e+00
1.642451785890580052e+00
1.728425353219599891e+00
1.787836157574459905e+00
1.676287014161579991e+00
1.597714334249159984e+00
1.598493220404169968e+00
1.518995146801719986e+00
1.724600622973980091e+00
1.657128084613910035e+00
1.881677308325820031e+00
1.870783735693859917e+00
1.790629154019250047e+00
1.744522697550519919e+00
1.635909211187609902e+00
1.945101238203079896e+00
1.824733559916190018e+00
1.839268157010339966e+00
1.769821338463009930e+00
2.320896985933920131e+00
2.154099428623040158e+00
2.237099609382609877e+00
2.403822341457499956e+00
2.113358715982510017e+00
2.058200256639569847e+00
2.242680224697140012e+00
2.190856868689599946e+00
2.366263703646730221e+00
2.361047537319330036e+00
2.166990891701990218e+00
2.216937717286649789e+00
2.198955227102000087e+00
2.408744273810610181e+00
1.993511538376089964e+00
1.903769019992630041e+00
2.045374053757810007e+00
2.122612144016069902e+00
1.919247677656920059e+00
2.178436183334139908e+00
2.200615648364570021e+00
2.368722655925199927e+00
2.385011846298449978e+00
2.318922247704489958e+00
2.176282653691360203e+00
2.029875121763839996e+00
1.655094016792409972e+00
1.608645471585570030e+00
1.600598224330719965e+00
1.674322457004149944e+00
1.709107224322589991e+00
1.894889808692789890e+00
1.950284229638570066e+00
1.717148334943829902e+00
1.907654222715849945e+00
1.966171600661279939e+00
1.925283280576620015e+00
2.527174103697119811e+00
2.221331104447899829e+00
2.108106218387410191e+00
2.495299261384550160e+00
2.295852650840290110e+00
1.655047110560240009e+00
1.630853689715620058e+00
1.506311675766420111e+00
1.177912570196010034e+00
1.973732119429880028e+00
1.799266728407769911e+00
1.856983378004019913e+00
1.785384872314849991e+00
1.869638806113790075e+00
2.235269346860179862e+00
2.058410489799740173e+00
2.207373295196179974e+00
2.524602915241750178e+00
2.395081479858499840e+00
2.582482106904090191e+00
2.272957369292969876e+00
2.436657785931970022e+00
2.439447999133269818e+00
2.313759311897639837e+00
2.562632309610089809e+00
2.317229485139309819e+00
2.040102322327169926e+00
2.235689755075759955e+00
1.963584969340969932e+00
1.525869399614740107e+00
2.432245414277410145e+00
2.221893942840440062e+00
2.570981844948020179e+00
2.140772153245059872e+00
2.340090552488439890e+00
2.429661423304669832e+00
1.204088557607440046e+00
1.607700794421889956e+00
1.595310614136359995e+00
1.703555694622590044e+00
1.725342482687650003e+00
1.610687611356669935e+00
1.990416979384250107e+00
2.076165315252799903e+00
1.974426585763970010e+00
1.777921125227160060e+00
2.528826516734620000e+00
2.367392741015899915e+00
2.192988905468320038e+00
2.447777398133390125e+00
2.491030977514930189e+00
2.409745933047870103e+00
2.365292908596440036e+00
2.355521385133850121e+00
2.294349551276969823e+00
2.382707542921350008e+00
2.334901570042950070e+00
2.321282885880730174e+00
2.056330374704499864e+00
2.222875562172379915e+00
2.268551918178910221e+00
2.343003228060569931e+00
1.751359084113699893e+00
2.249515445030190186e+00
2.124508311792059789e+00
2.152649908266219825e+00
2.153709994449100051e+00
1.741513204360269906e+00
1.848184098586379998e+00
1.991831041732089913e+00
1.686836842192739994e+00
1.814999600788200107e+00
1.736460796808779961e+00
1.994539543217120015e+00
2.055264221012920167e+00
1.964588625043480086e+00
1.903289930688579989e+00
1.781970659357720033e+00
1.910906747032969921e+00
1.820931053639879948e+00
1.927125832820800078e+00
2.431013284910500172e+00
2.407926516306409859e+00
1.682047361363550042e+00
1.738257045579109983e+00
1.679092325773640093e+00
1.836909653394509956e+00
1.744719978427049956e+00
2.487583974062519854e+00
2.309603037012060156e+00
2.288430366057189858e+00
2.362501537202299939e+00
2.232261634874129985e+00
2.294232052116159881e+00
2.502940144526370148e+00
2.632422328930419830e+00
2.410224882555649817e+00
2.253436359449299875e+00
2.469932799393660172e+00
2.384603411803820183e+00
2.523126215943209960e+00
2.539944806353629847e+00
2.115750810102309920e+00
1.826380122393070016e+00
1.790269573223600030e+00
2.134729461076259938e+00
1.783825687188099973e+00
2.150482366550880098e+00
2.113815959090890040e+00
1.883693422534179929e+00
2.276588323808570014e+00
2.328194458525879806e+00
2.024668695694849863e+00
2.239982917287670183e+00
2.360622848496860104e+00
2.641000631980699787e+00
2.252035150442869949e+00
2.467137984823520203e+00
2.311032568213160054e+00
2.393862985522090092e+00
2.653779321585910012e+00
2.582104399269869788e+00
2.381261896809890199e+00
2.404535965744449832e+00
2.370127155425609811e+00
2.456635776375780011e+00
2.499296809400219921e+00
2.764074529849199990e+00
2.530104390359449784e+00
1.387276811939500032e+00
1.376052181732799973e+00
1.427400721630359914e+00
1.274823578960299963e+00
1.371037333258090074e+00
1.331370086652930107e+00
1.361850137893910073e+00
1.389466751757340024e+00
1.779071602434499910e+00
1.752131544794510054e+00
2.158498855329090027e+00
2.353637601328769868e+00
2.028820410480300040e+00
2.260944145434930164e+00
1.888179812152440018e+00
1.693361814091020046e+00
1.832473052807509939e+00
2.016937642309069911e+00
1.971467346028539902e+00
2.193208847093810032e+00
1.913598588171860015e+00
2.188303106451849889e+00
2.198352315373960142e+00
2.670895557837889900e+00
2.464838308257539801e+00
2.415506154740380218e+00
2.365058155155379982e+00
2.043833459570179922e+00
2.263474117182319834e+00
2.231499196705569954e+00
1.756729142775329988e+00
2.377795112211019912e+00
2.441410939501030164e+00
1.108841864207740002e+00
1.943523598588039913e+00
1.786794584242350048e+00
1.611543736088379974e+00
1.556410670611799940e+00
1.846430436239619999e+00
1.631055371287009947e+00
1.819142573971519905e+00
1.811083917170859925e+00
1.555716551229809896e+00
1.703271619788730096e+00
1.403311674160329980e+00
1.343277883794169902e+00
1.392158350529749899e+00
1.456693143966810045e+00
1.491484965089689974e+00
1.424278164906789934e+00
1.395594679477250022e+00
1.377186390770710034e+00
1.382482073003499901e+00
1.707768032116129930e+00
1.591558811368499970e+00
1.710441065336729904e+00
1.682609328164109908e+00
1.600653440309790065e+00
1.581098987335489925e+00
1.800664625414680087e+00
1.768220976465060046e+00
2.196231189323869959e+00
2.462324282356429972e+00
2.451228955404940013e+00
2.291918591072259925e+00
2.231670167623910128e+00
2.112573410544630104e+00
2.306095608752690040e+00
2.303382631841369932e+00
2.337844509420139882e+00
1.327325385653769896e+00
1.445722136719189921e+00
1.378960969355689903e+00
1.401311319406010059e+00
1.239539383174230069e+00
1.389570677100860019e+00
1.413427848346809901e+00
1.394009132296220033e+00
1.223696360374640024e+00
1.620272796454830022e+00
1.693842429443130015e+00
1.555368949531559908e+00
1.721424388915139936e+00
1.547628678951640024e+00
1.614761253513709915e+00
1.884201457128140023e+00
1.597909226235590063e+00
1.447124326024640029e+00
1.697249513098409990e+00
2.413696199446549784e+00
1.698981229485790001e+00
2.345733744218799988e+00
2.127796638387999817e+00
2.235982079930539879e+00
1.806243136020210027e+00
2.266751561232350110e+00
2.259178963204070190e+00
2.217107599779169824e+00
2.302264243798830101e+00
2.180760480726990025e+00
2.537250249777729838e+00
2.172122872698019957e+00
2.493855946697709935e+00
2.495575453318460202e+00
8.510257052780729747e-01
1.687880093469819931e+00
1.662859234999700009e+00
1.745633123965810052e+00
1.494988745628279991e+00
1.700663093102509960e+00
1.744002033853720102e+00
1.784112614650130046e+00
1.915399085714559968e+00
1.890377418359640016e+00
1.930071446398579971e+00
1.324369920283110069e+00
1.405101801379899928e+00
1.399298905168139928e+00
1.374316418572109955e+00
1.418468551172670011e+00
1.362808466579120026e+00
1.280129732852800073e+00
1.438127689247169938e+00
1.217403598516030083e+00
2.202572750901869991e+00
2.116916943186669897e+00
1.969232859763270005e+00
2.036777786058619810e+00
1.952956368738850035e+00
2.318941507351429898e+00
1.923367514707110093e+00
2.276562814308999982e+00
2.068763618931429793e+00
2.496340408153840063e+00
2.396262443927000163e+00
2.320203798005199936e+00
2.299540231794729994e+00
1.761008242890619968e+00
1.847446837027010069e+00
1.990356856202140090e+00
2.124812768651319850e+00
2.007125320980049921e+00
1.914613236353730041e+00
1.890921674128049901e+00
2.116246030850819970e+00
2.021921415698389790e+00
1.962830242239480105e+00
1.867895420123079964e+00
1.867076228024360018e+00
2.065946828041150152e+00
1.865456764253440092e+00
2.090888133184679809e+00
2.035339568845270009e+00
2.208639781332049967e+00
2.172620811572380184e+00
2.040057916207690170e+00
1.813178969921269923e+00
2.390144282137049991e+00
2.481826985110359818e+00
2.333589318321779960e+00
2.349070321314719934e+00
2.440332751018130075e+00
2.189416867853720028e+00
1.721904674746169928e+00
2.098709102520909919e+00
2.001465534266880120e+00
2.354397586566550071e+00
2.613157700959980012e+00
2.603844541416750147e+00
2.603722842609859978e+00
2.308047991090650175e+00
2.478921757054779906e+00
2.726236228585260157e+00
2.556755615522530167e+00
2.536185395273220067e+00
2.134227443434979943e+00
2.303920278925160048e+00
2.457030775501490183e+00
2.451200879341139949e+00
2.230207835098859892e+00
2.301875974945359893e+00
2.520031838197060114e+00
2.339267045591140182e+00
2.449125363290669988e+00
2.411180724891409888e+00
2.416820701941969851e+00
1.887373892628450012e+00
1.939346466131639968e+00
1.878558085429419933e+00
1.790300856500010029e+00
1.738092486443070017e+00
1.751605061008330022e+00
1.664253962892130012e+00
1.550078895018669911e+00
1.604304954345370016e+00
1.962643626888320059e+00
2.010320382401209915e+00
2.020684391679529845e+00
2.268850414309589780e+00
2.189974719924260071e+00
2.096366360595749878e+00
1.822255493299020035e+00
2.137344442765440000e+00
2.385611733508619992e+00
2.251454156873620160e+00
2.454392854506409982e+00
2.482195256235590008e+00
2.217907932552429795e+00
1.892157424755680051e+00
2.080376670710009979e+00
1.448477103119079956e+00
1.416844642000119947e+00
1.355926752154489989e+00
1.538509640836140058e+00
1.760256075786349905e+00
1.495405225034390106e+00
2.541354045176880128e+00
1.939786529738960041e+00
1.605368168917880034e+00
2.226858025996770074e+00
1.908796763007579944e+00
1.945307750964740068e+00
2.226790347310199980e+00
2.216571522621960000e+00
2.068913001176249988e+00
2.308213766265490019e+00
2.223867106261069981e+00
1.895620767511049909e+00
1.988548106752779931e+00
2.505141389581719835e+00
2.111021172450239902e+00
2.360126694342730147e+00
2.433192751179969804e+00
2.353269991835630126e+00
2.229142573644550041e+00
2.502447766466179946e+00
2.151559947251799887e+00
2.369203444596069907e+00
2.294435921340200135e+00
2.426476321238070000e+00
2.435068063927070092e+00
2.259800330152180070e+00
2.262768415400639999e+00
1.980904343730649941e+00
2.245431930973699863e+00
2.483644694284880217e+00
2.718437882308609943e+00
2.322091508579330110e+00
2.272924212282700029e+00
2.244137236857119966e+00
2.406166344324609963e+00
2.482100765501729978e+00
2.234348370744990042e+00
2.347606570200280185e+00
1.677319830589530048e+00
1.679288689961540015e+00
1.928069189802219974e+00
1.980373731314529984e+00
2.032656366260030101e+00
2.027193609289270171e+00
1.857763797279150086e+00
1.754002603281590078e+00
1.937046720939509914e+00
1.955664475406110103e+00
2.190163610943729910e+00
2.161598831490960215e+00
2.466985576972430039e+00
2.161037804847619981e+00
2.144468318339950219e+00
2.189814078474849879e+00
2.373254244965319781e+00
2.443671815511510026e+00
1.907059434634059913e+00
2.410683638305879839e+00
2.680572027083000020e+00
2.471119090838099996e+00
2.020433295961849840e+00
2.057975861899230097e+00
2.560226110700969837e+00
2.232914363456070195e+00
2.202572750901869991e+00
2.062967882849810142e+00
2.325108092323460163e+00
1.785384872314849991e+00
1.761366635123960078e+00
1.794250191447630094e+00
1.772075463974700060e+00
1.756001929228250047e+00
1.850634294405760105e+00
1.774084676241520109e+00
1.818496368309250100e+00
1.337316326974149927e+00
1.690442404543240018e+00
1.694238938246160009e+00
1.652173294173229889e+00
1.542279283163340065e+00
1.551649156814489894e+00
1.514558738395580084e+00
1.588738482078430048e+00
1.760700742991059942e+00
1.513054772707369988e+00
1.799373296142009915e+00
1.874158652291060045e+00
1.939596573437099902e+00
1.397680192733790072e+00
1.368169168481699893e+00
1.327888352864180055e+00
1.491867597181899985e+00
1.609291708523449937e+00
1.242054416148719920e+00
1.255984897299400105e+00
1.402612912719499949e+00
1.413959505623850088e+00
2.228814762676659900e+00
2.044557183081030072e+00
2.033638689182140080e+00
2.168933446626180039e+00
2.166869422239860121e+00
2.238613796883050178e+00
2.395655904348399812e+00
2.428576902782269897e+00
2.333155878966130192e+00
2.040922771801399804e+00
2.259009996943750043e+00
2.557851087359130027e+00
2.059752855720859976e+00
2.000050067475140025e+00
1.995572848631820051e+00
2.330481347128070091e+00
2.310687274868350016e+00
2.090462004470800217e+00
2.280234279428449806e+00
2.213974870784749971e+00
2.197452829582580147e+00
2.197392777596820057e+00
2.578726933907809826e+00
2.549448716185979791e+00
2.448311573348020076e+00
2.451326123548970060e+00
1.682047361363550042e+00
1.738257045579109983e+00
1.679092325773640093e+00
1.836909653394509956e+00
1.744719978427049956e+00
2.294511908514360154e+00
2.094805818124879870e+00
2.314042817437230060e+00
2.469276696263110082e+00
1.904225186590690067e+00
2.565411146803580067e+00
1.939376488904579920e+00
2.415537399275470065e+00
1.992019131595059944e+00
2.203512998736310013e+00
2.555087443008900117e+00
2.151496344545849926e+00
2.247111939450999962e+00
2.305688395274419822e+00
2.468699240592949984e+00
2.121987338189370131e+00
2.374756637524650049e+00
2.499321118250770191e+00
2.445335499821410075e+00
2.508914471274790170e+00
2.457855367931970125e+00
2.354437993590960065e+00
2.402810211442170107e+00
2.190427878929130046e+00
2.292189960068570009e+00
2.354463966952600185e+00
2.293789331017510147e+00
2.025458334887510148e+00
2.333515581144390172e+00
2.279263260722700135e+00
1.787126346602629923e+00
1.958974181976709916e+00
2.231424108632110048e+00
1.963864065425370065e+00
1.981204650125730105e+00
2.215990891569009857e+00
2.124755345210899815e+00
2.540406396488839924e+00
2.202686448117729956e+00
2.558609678568870116e+00
1.940714759572520043e+00
2.099186844513989847e+00
2.070936641123990007e+00
1.790066160434159892e+00
2.407806016363419843e+00
2.048441292353420096e+00
2.364708513763369879e+00
2.315942920331250043e+00
2.064009751393800052e+00
2.405342239172460150e+00
2.450935119648370186e+00
2.405371972019939797e+00
2.203993454910199823e+00
2.230822795206900189e+00
1.682047361363550042e+00
1.738257045579109983e+00
1.679092325773640093e+00
1.836909653394509956e+00
1.744719978427049956e+00
1.932889274663480039e+00
1.654225182745179934e+00
1.862395778432720084e+00
1.687795052210659952e+00
1.879325653936499974e+00
1.954643143597690091e+00
2.259455269097359942e+00
2.394912794333219797e+00
2.331623578228040117e+00
2.194353010572890117e+00
2.131700343003799958e+00
2.209514115753290042e+00
2.342584839600479807e+00
2.221047177099820136e+00
2.203254354031439988e+00
2.167486433770850152e+00
2.596165078430470174e+00
1.815377047693599977e+00
2.147126569026430065e+00
2.224144382185710089e+00
1.993486010389990071e+00
2.464973047509559922e+00
2.316318411301870217e+00
2.326416381118140198e+00
2.004393912848109860e+00
2.279498152426839841e+00
2.375657004658899840e+00
2.485280988312970063e+00
2.595640052054740021e+00
2.603904690733339855e+00
2.226561830385449969e+00
2.076152029618659967e+00
1.758626275346300005e+00
1.877475697319270109e+00
1.818136823886500109e+00
1.774511310189289981e+00
1.788528738613710090e+00
1.762286452149169902e+00
1.822823532576230088e+00
1.923031385082990097e+00
2.307337541638999845e+00
1.978563313920419953e+00
2.408636336563069857e+00
2.279223493461139949e+00
2.323091614742850197e+00
2.213191479391619865e+00
2.492684959226819874e+00
2.407345749050199935e+00
2.384400326141309812e+00
2.514396135670080135e+00
2.057772373789080067e+00
2.149214550144849856e+00
2.561706036410730025e+00
2.487250685144729800e+00
2.353301848046439826e+00
2.041917905687579804e+00
2.155668342910099788e+00
2.344270133062679839e+00
2.466449537500929878e+00
2.362946352109230208e+00
2.600733487259720089e+00
2.555523834996929811e+00
2.452646960326589909e+00
2.442337090029039981e+00
2.146900928556429999e+00
2.508849057521170156e+00
1.802524454413720001e+00
1.971794421943360076e+00
2.275218990918649986e+00
2.320999085516279870e+00
2.459639590267499898e+00
2.208787151122769910e+00
2.243377325059979999e+00
2.335494680891249786e+00
2.070416674772889820e+00
2.325888650805549851e+00
2.487264255726489903e+00
2.057772373789080067e+00
2.149214550144849856e+00
2.151496344545849926e+00
2.247111939450999962e+00
2.305688395274419822e+00
2.468699240592949984e+00
2.121987338189370131e+00
2.374756637524650049e+00
2.499321118250770191e+00
2.445335499821410075e+00
2.508914471274790170e+00
2.457855367931970125e+00
1.838930314946910061e+00
2.011870278166199899e+00
2.186112162261769853e+00
2.265939914844400160e+00
2.330416224409470161e+00
2.200038648285549847e+00
2.228166599382059854e+00
2.407370378343499873e+00
2.226561830385449969e+00
2.076152029618659967e+00
2.131700343003799958e+00
2.209514115753290042e+00
1.933348117623280071e+00
2.271447231451139803e+00
2.244446335272619830e+00
2.337550165977630101e+00
2.524686110772799807e+00
2.024932116361270129e+00
2.170263991653190061e+00
1.993511538376089964e+00
1.903769019992630041e+00
2.045374053757810007e+00
2.122612144016069902e+00
1.919247677656920059e+00
2.178436183334139908e+00
2.200615648364570021e+00
2.368722655925199927e+00
2.385011846298449978e+00
2.318922247704489958e+00
2.176282653691360203e+00
2.333580102065329953e+00
2.200244834254780013e+00
2.409028668460989842e+00
2.292266460172189824e+00
2.383597324377110027e+00
2.166281695913539806e+00
1.698981229485790001e+00
2.345733744218799988e+00
2.127796638387999817e+00
2.235982079930539879e+00
1.806243136020210027e+00
2.266751561232350110e+00
2.259178963204070190e+00
2.217107599779169824e+00
2.302264243798830101e+00
2.180760480726990025e+00
2.537250249777729838e+00
2.172122872698019957e+00
2.493855946697709935e+00
2.495575453318460202e+00
2.054896279089200029e+00
2.380731498771579968e+00
2.421539463625320021e+00
2.665637206991279928e+00
2.417016959753599981e+00
2.164114399904620178e+00
2.361228573565750111e+00
2.489919264912960006e+00
2.531409663151960032e+00
2.040390818202840073e+00
2.087065396525729977e+00
2.164746709172030048e+00
1.924405277538540071e+00
2.132789734010810179e+00
1.848078875148589928e+00
2.459591151680930121e+00
2.475567655549820056e+00
2.537867212095429981e+00
2.350466355243599814e+00
2.293927744446130124e+00
2.317035847783690095e+00
2.422703511981609825e+00
2.618881201469239972e+00
2.552115605951979838e+00
2.616193809768100120e+00
2.570605993416319901e+00
2.561706036410730025e+00
2.487250685144729800e+00
2.353301848046439826e+00
2.041917905687579804e+00
2.155668342910099788e+00
2.344270133062679839e+00
2.466449537500929878e+00
2.362946352109230208e+00
2.600733487259720089e+00
2.555523834996929811e+00
2.452646960326589909e+00
2.442337090029039981e+00
2.146900928556429999e+00
2.041483360227319910e+00
2.155396017409640042e+00
1.940565219557460086e+00
1.695903301685169895e+00
1.860512671804890106e+00
1.905634247280260096e+00
2.281094642791730021e+00
2.496890845618560117e+00
2.419084997923290015e+00
1.682047361363550042e+00
1.738257045579109983e+00
1.679092325773640093e+00
1.836909653394509956e+00
1.744719978427049956e+00
2.528826516734620000e+00
2.367392741015899915e+00
2.192988905468320038e+00
2.447777398133390125e+00
2.491030977514930189e+00
2.409745933047870103e+00
2.365292908596440036e+00
2.355521385133850121e+00
2.294349551276969823e+00
2.382707542921350008e+00
2.334901570042950070e+00
1.686943445904790062e+00
1.514665905671590096e+00
1.768788649228469900e+00
1.476770135959299957e+00
1.459190737742749988e+00
1.696856566377699993e+00
1.484286874298470060e+00
1.661596677978399939e+00
1.696400996802319927e+00
1.662584175009659937e+00
1.664550448178520048e+00
1.167162897810759992e+00
1.348312793737380000e+00
1.382269726812690003e+00
1.495783392289850022e+00
1.517829651185820028e+00
1.450820540049650109e+00
1.363089805155140111e+00
1.555526995176619964e+00
1.412556033049660043e+00
2.351958355167529824e+00
2.432334555662710063e+00
2.150099333209249952e+00
2.412609376022630148e+00
2.378037214695329915e+00
2.305180351334739974e+00
2.641825231749950209e+00
2.367944744697779935e+00
2.461500198432819975e+00
2.296519291556540221e+00
2.214673090532849997e+00
2.404553352170370140e+00
2.203254354031439988e+00
2.167486433770850152e+00
2.596165078430470174e+00
1.815377047693599977e+00
2.147126569026430065e+00
2.224144382185710089e+00
1.993486010389990071e+00
2.464973047509559922e+00
2.316318411301870217e+00
2.326416381118140198e+00
2.004393912848109860e+00
2.279498152426839841e+00
2.375657004658899840e+00
2.485280988312970063e+00
1.473311369441300034e+00
1.470591691303759996e+00
1.419087375821769914e+00
1.379443312508769948e+00
1.365220264457160049e+00
1.462171750227380107e+00
1.373117824104090001e+00
1.324306752868660064e+00
1.350597755678569989e+00
2.237886207207699929e+00
2.049817080379209955e+00
2.238858694880680122e+00
2.354908087165219932e+00
2.261482179677099857e+00
2.511965545823959811e+00
2.278365537077479797e+00
2.487386366142370075e+00
2.278122592097560073e+00
2.256964108459710072e+00
2.240494893155970058e+00
2.407636258982329913e+00
2.203254354031439988e+00
2.167486433770850152e+00
2.596165078430470174e+00
1.815377047693599977e+00
2.147126569026430065e+00
2.224144382185710089e+00
1.993486010389990071e+00
2.464973047509559922e+00
2.316318411301870217e+00
2.326416381118140198e+00
2.004393912848109860e+00
2.279498152426839841e+00
2.375657004658899840e+00
2.485280988312970063e+00
1.933348117623280071e+00
2.271447231451139803e+00
2.244446335272619830e+00
2.337550165977630101e+00
2.524686110772799807e+00
1.167162897810759992e+00
1.348312793737380000e+00
1.382269726812690003e+00
1.495783392289850022e+00
1.517829651185820028e+00
1.450820540049650109e+00
1.363089805155140111e+00
1.555526995176619964e+00
1.412556033049660043e+00
2.351958355167529824e+00
2.432334555662710063e+00
2.150099333209249952e+00
2.412609376022630148e+00
2.378037214695329915e+00
2.305180351334739974e+00
2.641825231749950209e+00
2.367944744697779935e+00
2.461500198432819975e+00
2.296519291556540221e+00
2.214673090532849997e+00
2.404553352170370140e+00
2.054896279089200029e+00
2.380731498771579968e+00
2.421539463625320021e+00
2.665637206991279928e+00
2.417016959753599981e+00
2.164114399904620178e+00
2.361228573565750111e+00
2.489919264912960006e+00
2.531409663151960032e+00
1.740407127667650045e+00
1.648988031886210015e+00
1.895403931119439944e+00
1.589310169494569935e+00
1.820474114593380044e+00
1.538642632152920076e+00
1.782467409766050004e+00
1.658546914067150047e+00
2.191943373116609806e+00
2.350232626679010117e+00
2.163465548882050005e+00
1.753706032177819951e+00
1.861878666651199943e+00
1.808753709965579937e+00
1.916343958218480026e+00
2.120100049589769942e+00
1.327325385653769896e+00
1.445722136719189921e+00
1.378960969355689903e+00
1.401311319406010059e+00
1.239539383174230069e+00
1.389570677100860019e+00
1.413427848346809901e+00
1.394009132296220033e+00
1.223696360374640024e+00
1.620272796454830022e+00
1.693842429443130015e+00
1.555368949531559908e+00
1.721424388915139936e+00
1.547628678951640024e+00
1.614761253513709915e+00
1.884201457128140023e+00
1.597909226235590063e+00
1.447124326024640029e+00
1.697249513098409990e+00
2.413696199446549784e+00
1.387276811939500032e+00
1.376052181732799973e+00
1.427400721630359914e+00
1.274823578960299963e+00
1.371037333258090074e+00
1.331370086652930107e+00
1.361850137893910073e+00
1.389466751757340024e+00
1.779071602434499910e+00
1.752131544794510054e+00
2.158498855329090027e+00
2.353637601328769868e+00
2.028820410480300040e+00
2.260944145434930164e+00
1.888179812152440018e+00
1.693361814091020046e+00
1.832473052807509939e+00
2.016937642309069911e+00
1.971467346028539902e+00
2.268850414309589780e+00
2.189974719924260071e+00
1.881677308325820031e+00
1.870783735693859917e+00
1.790629154019250047e+00
1.744522697550519919e+00
1.635909211187609902e+00
1.945101238203079896e+00
1.824733559916190018e+00
1.839268157010339966e+00
1.769821338463009930e+00
2.496689249564069790e+00
2.444847170537840064e+00
2.115296211444249952e+00
2.212560791132820004e+00
2.134227443434979943e+00
2.303920278925160048e+00
2.115750810102309920e+00
1.826380122393070016e+00
1.790269573223600030e+00
2.134729461076259938e+00
1.783825687188099973e+00
2.150482366550880098e+00
2.113815959090890040e+00
1.883693422534179929e+00
2.276588323808570014e+00
2.328194458525879806e+00
2.024668695694849863e+00
2.239982917287670183e+00
2.360622848496860104e+00
2.641000631980699787e+00
2.353269991835630126e+00
2.229142573644550041e+00
2.502447766466179946e+00
2.151559947251799887e+00
2.369203444596069907e+00
2.294435921340200135e+00
2.426476321238070000e+00
2.435068063927070092e+00
2.259800330152180070e+00
1.835396337879070083e+00
1.828576927316599932e+00
2.271291768668299849e+00
2.125564104832560197e+00
2.479650437976749888e+00
2.460663578080390046e+00
2.470245068213530182e+00
2.155647402680449964e+00
2.530302125861440210e+00
2.510558318749910089e+00
2.533974658981620109e+00
2.139900683886879929e+00
2.419161082274360108e+00
1.835396337879070083e+00
1.828576927316599932e+00
2.096366360595749878e+00
1.822255493299020035e+00
2.137344442765440000e+00
2.385611733508619992e+00
2.251454156873620160e+00
2.454392854506409982e+00
2.482195256235590008e+00
2.217907932552429795e+00
2.059752855720859976e+00
2.000050067475140025e+00
1.995572848631820051e+00
2.330481347128070091e+00
2.310687274868350016e+00
2.090462004470800217e+00
2.280234279428449806e+00
2.213974870784749971e+00
2.197452829582580147e+00
2.197392777596820057e+00
2.578726933907809826e+00
2.549448716185979791e+00
2.448311573348020076e+00
2.451326123548970060e+00
2.354437993590960065e+00
2.402810211442170107e+00
2.190427878929130046e+00
2.292189960068570009e+00
2.354463966952600185e+00
2.293789331017510147e+00
2.025458334887510148e+00
2.333515581144390172e+00
2.279263260722700135e+00
2.162861547004709895e+00
1.985624853779089927e+00
1.921862805153379927e+00
2.090780062464880018e+00
2.146895554304860010e+00
2.083971477682299955e+00
2.295752883881529982e+00
2.223055284316850067e+00
2.254189326730740017e+00
2.406037789203669952e+00
2.464510561274860123e+00
2.312557445618169893e+00
2.317809724159459961e+00
2.537827227483440140e+00
2.270398306010990019e+00
2.148904855394239810e+00
2.457030775501490183e+00
2.451200879341139949e+00
2.230207835098859892e+00
2.301875974945359893e+00
2.520031838197060114e+00
2.339267045591140182e+00
2.449125363290669988e+00
2.411180724891409888e+00
2.416820701941969851e+00
2.196231189323869959e+00
2.462324282356429972e+00
2.451228955404940013e+00
2.291918591072259925e+00
2.231670167623910128e+00
2.112573410544630104e+00
2.306095608752690040e+00
2.303382631841369932e+00
2.337844509420139882e+00
2.237099609382609877e+00
2.403822341457499956e+00
2.113358715982510017e+00
2.058200256639569847e+00
2.242680224697140012e+00
2.190856868689599946e+00
2.366263703646730221e+00
2.361047537319330036e+00
2.166990891701990218e+00
2.216937717286649789e+00
2.198955227102000087e+00
2.408744273810610181e+00
2.333580102065329953e+00
2.200244834254780013e+00
2.134227443434979943e+00
2.303920278925160048e+00
2.238850534508099788e+00
2.320596887683379794e+00
2.147598845535069856e+00
2.307337541638999845e+00
1.978563313920419953e+00
2.408636336563069857e+00
2.279223493461139949e+00
2.323091614742850197e+00
2.269457775453130211e+00
2.192913998647469942e+00
1.403311674160329980e+00
1.343277883794169902e+00
1.392158350529749899e+00
1.456693143966810045e+00
1.491484965089689974e+00
1.424278164906789934e+00
1.395594679477250022e+00
1.377186390770710034e+00
1.382482073003499901e+00
1.707768032116129930e+00
1.591558811368499970e+00
1.710441065336729904e+00
1.682609328164109908e+00
1.600653440309790065e+00
1.581098987335489925e+00
1.800664625414680087e+00
1.768220976465060046e+00
2.279794241757380213e+00
2.221361203794249839e+00
2.100961519724979798e+00
2.227094793400040018e+00
2.225548548771589807e+00
2.391601109061229913e+00
2.542022712564549813e+00
2.457861719348080065e+00
2.487578163734259995e+00
2.390203921999840109e+00
2.445005625889970169e+00
2.320203798005199936e+00
2.299540231794729994e+00
1.397680192733790072e+00
1.368169168481699893e+00
1.327888352864180055e+00
1.491867597181899985e+00
1.609291708523449937e+00
1.242054416148719920e+00
1.255984897299400105e+00
1.402612912719499949e+00
1.413959505623850088e+00
2.228814762676659900e+00
2.044557183081030072e+00
2.033638689182140080e+00
2.168933446626180039e+00
2.166869422239860121e+00
2.238613796883050178e+00
2.395655904348399812e+00
2.428576902782269897e+00
2.333155878966130192e+00
2.040922771801399804e+00
2.259009996943750043e+00
2.557851087359130027e+00
2.226858025996770074e+00
1.908796763007579944e+00
1.945307750964740068e+00
2.226790347310199980e+00
2.216571522621960000e+00
2.068913001176249988e+00
2.308213766265490019e+00
2.223867106261069981e+00
1.895620767511049909e+00
1.988548106752779931e+00
2.505141389581719835e+00
2.111021172450239902e+00
2.360126694342730147e+00
2.433192751179969804e+00
1.954643143597690091e+00
2.259455269097359942e+00
2.394912794333219797e+00
2.331623578228040117e+00
2.194353010572890117e+00
2.208197281192009864e+00
2.132694413906150110e+00
2.252035150442869949e+00
2.467137984823520203e+00
2.311032568213160054e+00
2.393862985522090092e+00
2.653779321585910012e+00
2.582104399269869788e+00
2.381261896809890199e+00
2.404535965744449832e+00
2.370127155425609811e+00
2.456635776375780011e+00
2.499296809400219921e+00
2.764074529849199990e+00
2.530104390359449784e+00
2.294511908514360154e+00
2.094805818124879870e+00
2.314042817437230060e+00
2.469276696263110082e+00
1.904225186590690067e+00
2.565411146803580067e+00
1.939376488904579920e+00
2.415537399275470065e+00
1.992019131595059944e+00
2.203512998736310013e+00
2.555087443008900117e+00
2.527174103697119811e+00
2.221331104447899829e+00
2.108106218387410191e+00
2.495299261384550160e+00
2.295852650840290110e+00
2.431013284910500172e+00
2.407926516306409859e+00
2.309054635106159825e+00
2.278894327914489981e+00
2.084924021894119850e+00
2.199345847653320085e+00
1.787126346602629923e+00
1.958974181976709916e+00
2.231424108632110048e+00
1.963864065425370065e+00
1.981204650125730105e+00
2.215990891569009857e+00
2.124755345210899815e+00
2.540406396488839924e+00
2.202686448117729956e+00
2.558609678568870116e+00
2.282658486103950057e+00
2.251952773702940114e+00
2.125942000949180066e+00
2.002841928112319980e+00
2.400711380456760136e+00
2.236463240541899822e+00
2.177118243692540034e+00
2.427428553282810153e+00
2.365993392154630115e+00
2.278561214878509933e+00
2.148530702821150218e+00
2.203367819365170011e+00
2.487568479629060025e+00
2.327694549110760125e+00
2.439298074046219789e+00
2.367092778556870059e+00
2.314264240447549970e+00
1.324369920283110069e+00
1.405101801379899928e+00
1.399298905168139928e+00
1.374316418572109955e+00
1.418468551172670011e+00
1.362808466579120026e+00
1.280129732852800073e+00
1.438127689247169938e+00
1.217403598516030083e+00
2.202572750901869991e+00
2.116916943186669897e+00
1.969232859763270005e+00
2.036777786058619810e+00
1.952956368738850035e+00
2.318941507351429898e+00
1.923367514707110093e+00
2.276562814308999982e+00
2.068763618931429793e+00
1.410561690326330053e+00
1.376160367830230102e+00
1.381844628760080074e+00
1.155427450923550037e+00
1.360492502262659942e+00
1.373554174755369894e+00
1.188421768498779896e+00
1.329447187305770051e+00
1.388634182157989949e+00
1.328762196820530095e+00
1.438800825592829957e+00
1.515842480520980029e+00
2.163102255000629803e+00
2.196124546520270115e+00
1.978625599040209959e+00
2.482759674684220208e+00
2.467471391728839780e+00
2.343376346569660207e+00
2.189147062638630015e+00
2.133237934139499803e+00
2.221528850486980122e+00
2.657995217643419839e+00
2.313726709619940092e+00
2.655156157399269912e+00
1.686943445904790062e+00
1.514665905671590096e+00
1.768788649228469900e+00
1.476770135959299957e+00
1.459190737742749988e+00
1.696856566377699993e+00
1.484286874298470060e+00
1.661596677978399939e+00
1.696400996802319927e+00
1.662584175009659937e+00
1.664550448178520048e+00
1.721904674746169928e+00
2.098709102520909919e+00
2.001465534266880120e+00
2.354397586566550071e+00
2.613157700959980012e+00
2.603844541416750147e+00
2.603722842609859978e+00
2.308047991090650175e+00
2.478921757054779906e+00
2.726236228585260157e+00
2.556755615522530167e+00
2.536185395273220067e+00
1.940714759572520043e+00
2.099186844513989847e+00
2.070936641123990007e+00
1.790066160434159892e+00
2.407806016363419843e+00
2.048441292353420096e+00
2.364708513763369879e+00
2.315942920331250043e+00
2.064009751393800052e+00
2.405342239172460150e+00
2.450935119648370186e+00
2.405371972019939797e+00
2.057772373789080067e+00
2.149214550144849856e+00
2.496689249564069790e+00
2.444847170537840064e+00
2.321282885880730174e+00
2.056330374704499864e+00
2.222875562172379915e+00
2.268551918178910221e+00
2.343003228060569931e+00
2.469266466381419889e+00
2.478760716516709817e+00
2.226938376619049809e+00
2.384898588744190029e+00
2.240791155233259779e+00
2.303930351542000210e+00
2.589088756795689950e+00
1.829843647473200052e+00
1.968967376791789903e+00
2.350656139273069822e+00
2.556750892656979968e+00
2.435024993217360212e+00
2.262768415400639999e+00
1.980904343730649941e+00
2.245431930973699863e+00
2.483644694284880217e+00
2.718437882308609943e+00
2.322091508579330110e+00
2.272924212282700029e+00
2.244137236857119966e+00
2.406166344324609963e+00
2.482100765501729978e+00
2.234348370744990042e+00
2.347606570200280185e+00
2.294898484354550128e+00
2.266345984725580021e+00
1.761008242890619968e+00
1.847446837027010069e+00
1.990356856202140090e+00
2.124812768651319850e+00
2.007125320980049921e+00
1.914613236353730041e+00
1.890921674128049901e+00
1.892157424755680051e+00
2.080376670710009979e+00
1.733099043488329993e+00
1.623742713580689889e+00
1.757005760318149923e+00
1.711591445301199998e+00
1.888214808032399938e+00
1.764507383894609927e+00
1.721635799821690016e+00
1.975847086593520041e+00
1.840616116363829935e+00
1.545876741521960085e+00
1.715645527046820051e+00
1.557229136998649954e+00
1.797342668493099982e+00
1.717945779531590000e+00
