0.0006355060912591619
0.020601688357718712
0.006749579582434804
0.00026521859141132823
0.011570894196359774
0.0034668633486574147
0.005621074838928304
0.0
0.00010001078161061241
0.0015138792643386268
0.23857177809471217
0.001274981919601351
0.01072052866472559
0.0
0.004756990547963956
0.0
0.0022765117219078505
0.0
0.00578866058092084
0.008167727842615678
8.49263904894128e-05
0.021857598326036103
0.0002847417151061734
0.0
0.03482850095140651
0.0
0.002036647352899602
0.0001924067929880922
0.0
0.0015138792643386268
9.623373093184696e-06
0.020601688357718712
0.0025114218572626157
0.0
0.013180852138003159
0.0008559947946280951
0.0021797976221201052
0.0
0.0
0.01405899386997285
0.0
7.354837015031334e-05
1.7027486757301686e-05
0.00108965349766848
0.0015138792643386268
0.005621074838928304
0.04104449081306861
0.0077157450565772615
0.004201436123077379
0.0003627129697876415
0.0
0.0012281544291216449
0.010815754324184202
2.323375456588753e-07
0.0018692777134501843
0.06761618933062316
0.030836812592540074
0.03482850095140651
0.0
0.011803461732767816
0.0
0.002036647352899602
0.04727720686881017
0.001474280524795975
8.49263904894128e-05
0.0006723715766724002
0.009157748930362022
0.0001924067929880922
0.0
0.0021797976221201052
0.0
0.00578866058092084
0.00031314797517229253
0.00044330952269165213
0.00010001078161061241
0.0
0.0
0.0002847417151061734
7.574004492583294e-05
0.005652973345130788
0.0002453754703281143
0.0
0.005273326319841719
0.0028924991568876346
0.0
3.2913750209262304e-07
0.0
0.016338045298472575
0.0022705978221382686
0.013180852138003159
0.0
0.0006355060912591619
4.687205129943403e-06
0.0
0.006851566597318508
0.00185746233100909
0.0020487005581606584
9.623373093184696e-06
0.008167727842615678
0.004610123150313965
0.002447277530106722
0.0003834518864269625
0.051703396139275944
0.0011672117191412748
0.01071351612586042
0.0037389986374025837
0.0
0.003159012104601742
0.0025114218572626157
0.0061294820983619465
0.020601688357718712
0.0
0.006749579582434804
0.001173721897550318
0.04426712733133049
0.0022765117219078505
0.0
0.0007767845993252628
0.0019485411820595424
0.0006508196695320819
0.0023587517284345315
0.0089999123594476
0.005967601592306777
0.09254837332444439
0.0
0.0
0.0005056268586456267
0.0006515591019511864
0.021857598326036103
0.0
0.0
0.0463106902774323
0.0
0.0
0.23857177809471217
0.03850516781722875
0.001274981919601351
0.0007162436001306237
0.004358579465485266
0.009576373386525328
0.0
1.752343777379566e-05
0.00023762221659398095
0.002871783787778251
0.01262195899047316
0.012194280011965335
0.006749579582434804
0.007361746577737307
0.0034668633486574147
0.06831293319940748
0.0
0.005006756452080164
0.006749579582434804
0.00026521859141132823
0.01072052866472559
0.0
0.0015253022296954286
0.013952322919777828
2.3600967822649447e-05
0.0
0.0008559947946280951
0.011570894196359774
0.0
3.5143654248458222e-06
0.004756990547963956
0.004201436123077379
3.5143654248458222e-06
0.0034668633486574147
4.687205129943403e-06
0.0
0.0003257134899109885
0.0
0.0
0.0077157450565772615
7.354837015031334e-05
0.004610123150313965
0.00108965349766848
5.672911417108371e-05
0.0
0.0089999123594476
0.0018692777134501843
0.004756990547963956
0.016338045298472575
0.006749579582434804
0.003159012104601742
0.00031314797517229253
0.00044330952269165213
0.013952322919777828
0.002036647352899602
0.013952322919777828
0.0077157450565772615
0.00044330952269165213
0.000744399576499729
0.0023587517284345315
0.0
0.0
0.0020487005581606584
0.0002847417151061734
8.49263904894128e-05
0.0
0.04426712733133049
0.0002453754703281143
0.0
0.0002453754703281143
0.012194280011965335
0.04104449081306861
1.7027486757301686e-05
0.0006508196695320819
0.008167727842615678
0.00108965349766848
0.0
0.011570894196359774
0.0
0.0
0.0
0.01262195899047316
0.03850516781722875
0.01072052866472559
2.323375456588753e-07
0.0022765117219078505
0.007361746577737307
0.0003834518864269625
0.0
0.0
0.0
0.06831293319940748
0.0001924067929880922
0.0012281544291216449
0.03482850095140651
0.09254837332444439
0.06761618933062316
0.00031314797517229253
0.0
0.0
3.5143654248458222e-06
0.0002847417151061734
0.0025114218572626157
0.0
0.001274981919601351
0.00010001078161061241
0.0005056268586456267
0.0
0.0021797976221201052
