4.854718446015977018e-01
2.517923480607475728e-01
5.677887531704066681e-01
5.227905655988245304e-01
6.207856910445840315e-01
6.223611613849989732e-01
-2.508738991557305648e-02
6.963563887333320546e-01
6.984203610687120811e-01
4.020234623808056559e-03
-8.019813526458149933e-02
6.538968459064481431e-01
6.207358837753815806e-01
6.159500516564010431e-01
5.898103618103804902e-01
6.127838567197360087e-01
6.089699394292446000e-01
5.831987739686229633e-01
4.595051814306512772e-01
6.356365855127662501e-01
5.482916503492174520e-01
4.169254803489053640e-01
6.145694774693419848e-01
4.593924877592310274e-01
4.430887989905212265e-01
6.031443726201819455e-01
5.676146032273787778e-01
5.925102875393385427e-01
6.637009253896479777e-01
4.020234623808056559e-03
4.471469521187184659e-01
2.517923480607475728e-01
5.803137866140529733e-01
7.041505168397990122e-01
4.841671960799663332e-01
3.460329515855396498e-01
-8.480940675508262527e-02
4.393326938302630214e-01
5.490032620257879747e-01
4.814389284290543358e-01
7.041505168397990122e-01
6.338884856018974778e-01
6.242624925120350277e-01
5.580547070316719260e-01
4.020234623808056559e-03
-2.508738991557305648e-02
5.308072419682230425e-01
6.331464303097814605e-01
5.516796980618037249e-01
5.753475255713570435e-01
5.932860670204570530e-01
5.840482963262654259e-01
4.523036819077240200e-01
6.536945278266524939e-01
6.223972943003552860e-01
4.200430620253551295e-01
3.202564474095327407e-01
4.430887989905212265e-01
6.374897295125110386e-01
5.367785316889405189e-01
4.814426285023050145e-01
5.676146032273787778e-01
4.249405437117044215e-01
1.976924935560890051e-01
5.482916503492174520e-01
5.888100579755782826e-01
3.169315138493470352e-01
5.925102875393385427e-01
4.132997640812520190e-01
-8.480940675508262527e-02
6.263403673750419509e-01
4.595051814306512772e-01
4.300185280919099906e-02
5.447974320541029147e-01
6.984203610687120811e-01
6.294095991027189863e-01
8.635983067474820030e-02
6.145694774693419848e-01
4.384551556723135235e-01
5.423701087136476584e-01
4.204981818303470398e-01
2.988530764097069858e-01
4.089484289993650101e-01
3.121674981868780008e-01
5.831987739686229633e-01
5.780655049026485193e-01
6.085260335771940365e-01
4.005084764330632541e-01
5.066590719542390930e-01
4.841671960799663332e-01
4.593924877592310274e-01
4.854718446015977018e-01
7.002655410344574838e-01
6.031443726201819455e-01
2.461016022471734788e-01
3.534785659401114000e-01
2.794771965910433642e-01
4.471469521187184659e-01
6.356365855127662501e-01
5.368471416983272571e-01
6.812036422054820739e-02
5.538420707280713451e-01
2.164834555961277773e-01
5.214281690356534771e-01
5.337367628828063593e-01
5.501314869226442417e-01
5.105450102066120266e-01
6.134808516218869245e-01
5.803137866140529733e-01
4.899107150151125190e-01
2.517923480607475728e-01
6.963563887333320546e-01
5.677887531704066681e-01
6.895841220792978676e-01
3.912771991512918879e-01
6.089699394292446000e-01
2.900346113625180133e-01
6.155818207525489694e-01
2.685169720428445261e-01
5.021414992706306757e-01
-1.065466746398695957e-01
5.778610902416048134e-01
2.201591615954209824e-01
2.764288423423417740e-01
6.159500516564010431e-01
6.434526764861869808e-01
1.340157881494979941e-01
1.295768359820813342e-01
4.169254803489053640e-01
6.273658565927330288e-01
7.134905430939419979e-01
2.641651430011289770e-01
5.538830266438740102e-01
1.760912590556809876e-01
-8.019813526458149933e-02
4.460428010844381674e-01
6.538968459064481431e-01
4.540061606036177588e-01
5.021821855538755042e-01
5.356095091999875102e-01
4.216039268698310027e-01
6.180279224211819855e-01
2.715667682875986810e-01
4.170244072902754562e-01
4.828152417716128353e-01
5.723622592022238331e-01
5.677887531704066681e-01
4.599050156849076032e-01
6.223611613849989732e-01
1.540572132034492558e-01
6.693168805661120491e-01
4.806915606520849593e-01
5.677887531704066681e-01
5.227905655988245304e-01
6.207358837753815806e-01
6.127838567197360087e-01
6.475811514197435947e-01
5.978284193219182141e-01
6.502803520802369341e-01
6.637009253896479777e-01
3.460329515855396498e-01
6.207856910445840315e-01
5.682017240669949842e-01
5.409507628759784303e-01
5.898103618103804902e-01
5.516796980618037249e-01
5.409507628759784303e-01
6.223611613849989732e-01
7.002655410344574838e-01
5.932860670204570530e-01
6.116134714406754602e-01
6.637009253896479777e-01
6.127838567197360087e-01
6.331464303097814605e-01
6.338884856018974778e-01
5.368471416983272571e-01
5.580547070316719260e-01
6.359208032682495126e-01
5.490032620257879747e-01
5.778610902416048134e-01
6.223972943003552860e-01
5.898103618103804902e-01
4.005084764330632541e-01
5.677887531704066681e-01
6.134808516218869245e-01
4.300185280919099906e-02
5.447974320541029147e-01
5.978284193219182141e-01
5.676146032273787778e-01
5.978284193219182141e-01
6.331464303097814605e-01
5.447974320541029147e-01
1.911580221098050092e-01
-1.065466746398695957e-01
2.900346113625180133e-01
5.538830266438740102e-01
2.794771965910433642e-01
6.145694774693419848e-01
5.482916503492174520e-01
7.134905430939419979e-01
3.912771991512918879e-01
4.204981818303470398e-01
4.814426285023050145e-01
4.204981818303470398e-01
5.723622592022238331e-01
5.308072419682230425e-01
6.242624925120350277e-01
5.021414992706306757e-01
6.356365855127662501e-01
5.580547070316719260e-01
7.134905430939419979e-01
6.207856910445840315e-01
6.294095991027189863e-01
5.831987739686229633e-01
6.434526764861869808e-01
4.828152417716128353e-01
4.460428010844381674e-01
6.207358837753815806e-01
6.536945278266524939e-01
6.089699394292446000e-01
4.599050156849076032e-01
5.538420707280713451e-01
6.963563887333320546e-01
7.041505168397990122e-01
6.085260335771940365e-01
1.540572132034492558e-01
5.925102875393385427e-01
5.840482963262654259e-01
4.430887989905212265e-01
2.764288423423417740e-01
4.200430620253551295e-01
4.300185280919099906e-02
6.273658565927330288e-01
6.693168805661120491e-01
5.409507628759784303e-01
6.145694774693419848e-01
5.803137866140529733e-01
6.374897295125110386e-01
6.538968459064481431e-01
6.984203610687120811e-01
1.340157881494979941e-01
1.760912590556809876e-01
-8.480940675508262527e-02
