9.201408278077375380e-01
9.542425094393248708e-01
7.517575017011018934e-01
5.187675002557620152e-01
9.371916686235314264e-01
7.517575017011023375e-01
6.806584806334540216e-01
9.542425094393249818e-01
7.194541640317498876e-01
5.510708379251143541e-01
6.361616729595497288e-01
4.600704139038682694e-01
7.385606273598315230e-01
7.517575017011020044e-01
7.478065189231237753e-01
5.638181262758262813e-01
6.343633289973142908e-01
6.778079184956499192e-01
7.385606273598315230e-01
7.417697605752876511e-01
9.632419227572059928e-01
9.201408278077375380e-01
8.295169055001495595e-01
6.191108321437559514e-01
9.371916686235314264e-01
5.187675002557620152e-01
4.203103093438964599e-01
6.191108321437559514e-01
7.143331241078172411e-01
4.515449934959714362e-01
6.505149978319904047e-01
9.371916686235314264e-01
7.825834421237516381e-01
4.923737515732209968e-01
5.187675002557620152e-01
5.604137457918619836e-01
5.950528104279014796e-01
5.927170834612146555e-01
4.515449934959714362e-01
6.901056208558027372e-01
9.201408278077375380e-01
6.343633289973142908e-01
6.020599913279619519e-01
6.901056208558030702e-01
7.478065189231237753e-01
5.000000000000000000e-01
4.600704139038686580e-01
7.385606273598315230e-01
7.963886947881776424e-01
9.371916686235314264e-01
3.010299956639809760e-01
7.517575017011020044e-01
7.270967493629825196e-01
6.806584806334540216e-01
1.590404182398873212e-01
5.638181262758262813e-01
2.697953115119059997e-01
2.697953115119059997e-01
9.286662482156344822e-01
7.417697605752876511e-01
4.757724967479857736e-01
6.930604153492083697e-01
6.078409410397467294e-01
7.552973247674846791e-01
6.778079184956499192e-01
8.784945822716375696e-01
9.102196946754046447e-01
9.632419227572059928e-01
8.063273204314660436e-01
8.740940135031005642e-01
5.440228147639202261e-01
5.197953115119059442e-01
8.295169055001495595e-01
6.020599913279619519e-01
9.201408278077375380e-01
7.517575017011023375e-01
6.633031284438359876e-01
7.385606273598315230e-01
6.989700043360190795e-01
7.224391115827253351e-01
5.510708379251143541e-01
5.187675002557620152e-01
4.600704139038683249e-01
6.414264286872937149e-01
7.194541640317498876e-01
9.542425094393249818e-01
7.015449934959718803e-01
6.343633289973142908e-01
2.006866637759873173e-01
8.868821441149457030e-01
6.514141698131082903e-01
9.542425094393249818e-01
6.514141698131082903e-01
4.771212547196619913e-01
5.187675002557620152e-01
6.460828060918824001e-01
9.542425094393248708e-01
7.194541640317498876e-01
4.600704139038682694e-01
5.950528104279012576e-01
6.460828060918827331e-01
6.078409410397467294e-01
7.417697605752876511e-01
7.517575017011018934e-01
5.927170834612143224e-01
4.515449934959714362e-01
6.361616729595497288e-01
4.515449934959714362e-01
5.187675002557620152e-01
7.552973247674846791e-01
5.604137457918619836e-01
3.890756251918215947e-01
7.417697605752876511e-01
4.600704139038682694e-01
4.923737515732209968e-01
7.143331241078172411e-01
6.505149978319904047e-01
6.505149978319904047e-01
5.187675002557620152e-01
7.224391115827253351e-01
6.901056208558027372e-01
6.361616729595497288e-01
7.270967493629825196e-01
6.460828060918827331e-01
6.460828060918827331e-01
4.923737515732209968e-01
1.001153510703169713e+00
6.414264286872937149e-01
5.638181262758262813e-01
7.478065189231237753e-01
4.600704139038683249e-01
9.286662482156344822e-01
9.286662482156344822e-01
6.514141698131082903e-01
7.825834421237516381e-01
4.515449934959714362e-01
6.505149978319904047e-01
4.600704139038683249e-01
7.517575017011018934e-01
1.590404182398873212e-01
5.187675002557620152e-01
7.015449934959718803e-01
7.194541640317498876e-01
4.515449934959714362e-01
7.385606273598315230e-01
4.771212547196619913e-01
8.063273204314660436e-01
7.517575017011023375e-01
6.191108321437559514e-01
6.930604153492083697e-01
7.385606273598315230e-01
5.950528104279014796e-01
6.343633289973142908e-01
7.270967493629825196e-01
4.515449934959714362e-01
5.638181262758262813e-01
8.295169055001495595e-01
6.806584806334540216e-01
7.194541640317498876e-01
9.371916686235314264e-01
