0 1 2 |PI655981|0.005532196556006923
3 4 5 6 7 |PI655978|0.06551380672027539
8 9 10 11 12 13 14 15 |PI656015|0.006315060450217801
16 17 18 |PI253986|0.003371282309853079
19 20 |PI642998|0.029498580485055853
21 22 |PI330196|1.9540402238293206e-05
23 24 25 26 27 28 29 |PI452692|0.008104174329167078
30 31 |PI533998|3.962153159438706e-05
32 |PI329333|0.0
33 |PI329351|0.0
34 35 36 |PI226096|0.02436898480015552
37 38 39 40 41 |PI542718|0.10465922970595021
42 43 44 45 |PI329403|0.0013728879282863366
46 47 |PI329617|0.0064406659651534744
48 |PI570393|0.0
49 50 51 52 53 54 |PI563329|0.00245871035901208
55 |PI562994|0.0
56 57 58 59 60 |PI329570|0.0018542189608102388
61 |PI329710|0.0
62 |PI619838|0.0
63 64 65 66 67 |PI329702|0.0012101137781936892
68 |PI563009|0.0
69 70 71 72 |PI156268|0.002836859275435804
73 |PI330167|0.0
74 75 76 77 |PI570145|0.008070443558685135
78 79 80 81 82 |PI329569|0.009744914549580912
83 |PI569886|0.0
84 |PI563330|0.0
85 |PI329605|0.0
86 |PI562991|0.0
87 88 89 |PI226096|0.02436898480015552
90 |PI655983|0.0
91 92 93 94 95 96 97 98 |PI656015|0.006315060450217801
99 100 |PI329584|0.000619481348627325
101 |PI329510|0.0
102 103 104 |PI656065|0.003681893242022297
105 106 107 108 109 110 |PI576401|0.016598117914852755
111 112 113 114 |PI564163|0.0034311239476614653
115 116 117 118 |PI251672|0.0031039920887764583
119 |PI513898|0.0
120 121 |PI569423|0.010027683490333185
122 |PI329510|0.0
123 |PI562971|0.0
124 |PI563348|0.0
125 |PI167093|0.0
126 127 128 |PI226096|0.02436898480015552
129 130 |PI533998|3.962153159438706e-05
131 132 133 134 135 |PI329301|0.009189615488432622
136 137 |PI521290|0.009177968140343459
138 139 140 141 |PI585577|0.0033950485645881778
142 |PI569460|0.0
143 |PI562981|0.0
144 |PI585461|0.0
145 146 |PI569427|0.017018868707668975
147 |PI563196|0.0
148 149 150 |PI154844|0.002154895503724084
151 152 153 154 |PI330181|0.008473085782975927
155 156 157 158 |PI535792|0.05511261061464964
159 160 161 162 163 |PI329569|0.009744914549580912
164 165 166 167 |PI330185|0.011267808366980856
168 169 |PI152694|0.0170871476696533
170 171 |PI330168|7.397745995589205e-05
172 |PI563330|0.0
173 |PI155149|0.0
174 |PI550604|0.0
175 |PI563009|0.0
176 177 |PI156487|0.004161323931651205
178 179 180 181 182 183 184 |PI535793|0.02785092259211288
185 |PI329605|0.0
186 |PI535785|0.0
187 188 189 190 |PI564163|0.0034311239476614653
191 |PI569453|0.0
192 |PI619838|0.0
193 194 195 196 |PI534165|0.0045588979311044385
197 198 199 200 |PI562970|0.005519121279062301
201 |PI329351|0.0
202 203 204 |PI655981|0.005532196556006923
205 |PI329440|0.0
206 207 208 209 |PI526905|0.0004334351638511774
210 |PI330167|0.0
211 |PI255744|0.0
212 213 |PI156203|0.0007993068104146918
214 |PI35038|0.0
215 |PI570031|0.0
216 217 218 219 |PI181899|0.004561140897939474
220 |PI569446|0.0
221 |PI329710|0.0
222 |PI569447|0.0
223 |PI329673|0.0
224 225 226 227 |PI455217|0.04029682654217312
228 229 |PI569443|0.0051157636266557305
230 231 232 |PI656065|0.003681893242022297
233 234 235 236 |PI570145|0.008070443558685135
237 238 239 240 241 |PI655978|0.06551380672027539
242 243 244 245 |PI562732|0.0011221016796814217
246 |PI562730|0.0
247 |PI569886|0.0
248 249 250 251 252 253 |PI297155|0.0036846372592701598
254 255 256 257 258 259 |PI197542|0.00310798544751276
260 261 262 263 264 265 |PI533902|0.02592320048706086
266 |PI655983|0.0
267 268 269 270 271 |PI329702|0.0012101137781936892
272 273 274 275 276 277 278 |PI452544|0.006556948635023476
279 280 281 282 |PI561840|0.0004960568233294533
283 284 |PI329665|0.0023093988596466853
285 286 287 288 289 |PI593916|0.05288412229225185
290 291 292 293 294 295 296 |PI152963|0.009280900818410378
297 298 |PI569421|0.11177591035307233
299 300 |PI156393|0.0072627600484926995
301 302 303 304 |PI157804|0.013668793656351251
305 306 307 |PI452542|0.003137168705975625
308 309 |PI329584|0.000619481348627325
310 311 |PI570109|0.009359801368417176
312 313 314 315 316 317 318 319 |PI656015|0.006315060450217801
320 |PI329333|0.0
321 322 323 |PI253986|0.003371282309853079
324 325 326 327 328 |PI196049|0.0004776158003121095
329 330 331 |PI569148|0.006609527386808829
332 333 334 335 336 |PI329570|0.0018542189608102388
337 338 339 340 |PI576399|0.005832399077034239
341 342 |PI569452|0.09566851416517133
343 |PI181083|0.0
344 345 346 |PI329435|0.0004675159018881434
347 348 349 |PI329614|0.0012917421935755432
350 351 352 |PI533792|0.001260391080590148
353 354 355 356 357 |PI563332|0.07447446463819121
358 |PI540518|0.0
359 360 |PI330182|1.710867146449475e-05
361 |PI570393|0.0
362 |PI329465|0.0
363 364 365 |PI213900|0.007294040438989776
366 |PI181080|0.0
367 368 369 370 |PI156268|0.002836859275435804
371 372 373 374 |PI329310|0.0010042017867340073
375 |PI330169|0.0
376 377 378 |PI329865|0.0003888397924029778
379 |PI535794|0.0
380 |PI653616|0.0
381 |PI329501|0.0
382 383 384 385 386 |PI542718|0.10465922970595021
387 388 389 390 |PI569097|0.021163968150799337
391 392 393 |PI337689|0.022991108235886484
394 395 396 397 |PI329403|0.0013728879282863366
398 |PI300119|0.0
399 400 |PI569422|0.011858109388427508
401 402 |PI156018|0.003828947660000375
403 |PI196586|0.0
404 405 |PI643016|0.003116382290652659
406 407 408 |PI527045|0.004558762091842798
409 410 411 412 413 |PI92270|0.011105222170448514
414 415 416 417 418 419 420 |PI329519|0.034910989204254776
421 422 423 424 425 426 |PI329841|0.04670356255170812
427 428 429 |PI253986|0.003371282309853079
430 431 432 433 434 435 436 437 |PI329843|0.02202014369175863
438 439 440 441 442 443 444 |PI452692|0.008104174329167078
445 446 447 |PI329300|0.005670590211424086
448 449 450 451 452 453 454 |PI329256|0.08246984416500173
455 |PI329511|0.0
456 |PI570073|0.0
457 458 459 |PI253986|0.003371282309853079
460 461 |PI642998|0.029498580485055853
462 463 |PI329617|0.0064406659651534744
464 |PI562994|0.0
465 |PI570076|0.0
466 467 468 469 470 |PI562985|0.004168242185591858
471 |PI152860|0.0
472 |PI562991|0.0
473 474 475 476 477 478 |PI576401|0.016598117914852755
479 480 |PI330196|1.9540402238293206e-05
481 482 |PI152728|0.0017598815649008093
483 |PI563002|0.0
484 485 486 487 488 489 |PI563329|0.00245871035901208
490 491 492 493 |PI585577|0.0033950485645881778
494 |PI563002|0.0
495 496 497 498 499 500 501 |PI452692|0.008104174329167078
502 |PI562730|0.0
503 |PI562981|0.0
504 505 |PI505735|9.31722542794848e-05
506 |PI562991|0.0
507 |PI562994|0.0
508 509 |PI521290|0.009177968140343459
510 |PI562971|0.0
511 512 513 514 515 516 517 |PI452544|0.006556948635023476
518 |PI167093|0.0
519 |PI152727|0.0
520 |PI513898|0.0
521 522 523 524 525 |PI563332|0.07447446463819121
526 527 528 529 |PI562732|0.0011221016796814217
530 531 532 |PI154844|0.002154895503724084
533 534 535 536 537 538 |PI563329|0.00245871035901208
539 540 541 542 |PI455217|0.04029682654217312
543 544 545 |PI253986|0.003371282309853079
546 547 548 |PI452542|0.003137168705975625
549 550 551 552 |PI534165|0.0045588979311044385
553 554 555 556 |PI562970|0.005519121279062301
557 558 559 560 561 |PI562985|0.004168242185591858
562 |PI563330|0.0
563 564 565 566 567 |PI562985|0.004168242185591858
568 569 |PI521290|0.009177968140343459
570 571 572 573 |PI562970|0.005519121279062301
574 575 576 577 |PI562732|0.0011221016796814217
578 579 580 581 582 583 584 585 |PI52606|0.011403916575552347
586 587 588 |PI533792|0.001260391080590148
589 590 591 592 |PI576399|0.005832399077034239
593 |PI653616|0.0
594 595 596 597 598 599 |PI533902|0.02592320048706086
600 |PI330167|0.0
601 |PI563009|0.0
602 |PI330169|0.0
603 604 605 |PI569148|0.006609527386808829
606 607 608 |PI337689|0.022991108235886484
609 |PI35038|0.0
610 611 |PI330168|7.397745995589205e-05
612 |PI35038|0.0
613 614 615 616 617 618 |PI329841|0.04670356255170812
619 620 621 |PI329300|0.005670590211424086
622 623 624 625 626 |PI329301|0.009189615488432622
627 |PI563348|0.0
628 629 630 |PI329865|0.0003888397924029778
631 632 633 |PI329614|0.0012917421935755432
634 635 636 637 638 |PI329702|0.0012101137781936892
639 |PI167093|0.0
640 |PI330169|0.0
641 642 |PI330196|1.9540402238293206e-05
643 |PI329440|0.0
644 645 646 |PI329435|0.0004675159018881434
647 |PI329710|0.0
648 |PI329465|0.0
649 650 651 652 653 654 655 |PI329519|0.034910989204254776
656 657 658 659 |PI569097|0.021163968150799337
660 661 |PI329617|0.0064406659651534744
662 |PI563196|0.0
663 664 665 666 667 |PI329570|0.0018542189608102388
668 669 670 671 672 673 674 675 |PI329843|0.02202014369175863
676 677 |PI329665|0.0023093988596466853
678 |PI329333|0.0
679 |PI329510|0.0
680 |PI329673|0.0
681 682 683 684 685 686 687 |PI329256|0.08246984416500173
688 |PI329605|0.0
689 |PI585461|0.0
690 691 692 693 694 |PI329569|0.009744914549580912
695 696 |PI330182|1.710867146449475e-05
697 698 699 700 |PI330181|0.008473085782975927
701 702 703 704 |PI534165|0.0045588979311044385
705 706 707 708 |PI329310|0.0010042017867340073
709 |PI329511|0.0
710 |PI563002|0.0
711 |PI330167|0.0
712 713 |PI329584|0.000619481348627325
714 715 716 717 |PI330185|0.011267808366980856
718 719 720 721 |PI329403|0.0013728879282863366
722 |PI329351|0.0
723 724 725 |PI213900|0.007294040438989776
726 |PI329501|0.0
727 728 729 730 |PI564163|0.0034311239476614653
