3.926969532596660262e-01
2.278867046136739960e-01
2.430380486862940004e-01
5.490032620257879747e-01
5.237464668115640043e-01
5.051499783199060456e-01
8.600171761917569171e-03
0.000000000000000000e+00
3.692158574101430113e-01
3.654879848909000084e-01
2.095150145426309951e-01
1.846914308175990060e-01
2.552725051033060133e-01
2.227164711475830006e-01
2.695129442179159951e-01
1.238516409670859936e-01
4.941545940184430274e-01
4.456042032735980096e-01
3.541084391474009774e-01
1.643528557844370075e-01
5.078558716958310182e-01
5.899496013257079507e-01
5.987905067631149603e-01
5.954962218255740458e-01
5.575072019056579453e-01
4.149733479708179740e-01
6.683859166900000259e-01
7.015679850559269903e-01
6.627578316815739834e-01
5.550944485783190219e-01
8.600171761917569171e-03
2.118929906993809870e-02
6.821450763738320378e-01
7.075701760979360433e-01
4.913616938342729723e-01
1.303337684950059971e-01
4.199557484897579740e-01
1.105897102992489944e-01
2.530586526477029974e-02
-6.197887582883939706e-01
-2.757241303992110093e-01
3.031960574204889958e-01
7.118072290411909808e-01
7.007037171450190005e-01
6.551384348113820089e-01
6.190933306267429881e-01
6.803355134145629979e-01
5.198279937757189773e-01
5.932860670204570530e-01
5.965970956264600167e-01
5.705429398818979703e-01
5.538830266438740102e-01
6.839471307515120335e-01
5.250448070368449738e-01
5.774917998372249839e-01
5.797835966168100041e-01
6.512780139981440009e-01
5.820633629117090146e-01
6.117233080073419815e-01
6.541765418779610375e-01
5.403294747908740092e-01
5.693739096150459700e-01
3.579348470004540261e-01
7.041505168397990122e-01
6.919651027673600074e-01
6.998377258672460188e-01
7.075701760979360433e-01
6.148972160331349635e-01
5.705429398818979703e-01
5.145477526602859619e-01
4.913616938342729723e-01
4.913616938342729723e-01
6.201360549737580108e-01
6.589648426644350021e-01
6.148972160331349635e-01
7.101173651118160013e-01
5.658478186735179660e-01
4.608978427565479929e-01
5.705429398818979703e-01
3.802112417116059739e-01
5.327543789924980011e-01
6.776069527204929832e-01
6.042260530844699717e-01
6.201360549737580108e-01
5.490032620257879747e-01
6.020599913279619519e-01
5.910646070264989893e-01
4.913616938342729723e-01
1.303337684950059971e-01
4.199557484897579740e-01
4.927603890268379971e-01
3.692158574101430113e-01
3.654879848909000084e-01
2.095150145426309951e-01
1.846914308175990060e-01
2.552725051033060133e-01
2.227164711475830006e-01
2.695129442179159951e-01
1.238516409670859936e-01
6.374897295125110386e-01
5.877109650189109580e-01
6.424645202421209733e-01
4.232458739368080147e-01
5.550944485783190219e-01
4.297522800024080047e-01
4.548448600085099880e-01
3.909351071033789760e-01
4.800069429571510171e-01
2.121876044039580078e-01
1.522883443830559957e-01
2.148438480476979884e-01
1.492191126553799874e-01
1.702617153949569917e-01
2.013971243204520090e-01
4.532297878665750290e-02
3.483048630481609953e-01
4.698220159781629768e-01
4.149733479708179740e-01
4.927603890268379971e-01
5.158738437116789921e-01
5.563025007672870448e-01
3.560258571931230187e-01
6.424645202421209733e-01
6.512780139981440009e-01
6.232492903979000021e-01
5.378190950732739672e-01
4.913616938342729723e-01
1.303337684950059971e-01
4.199557484897579740e-01
8.600171761917569171e-03
2.118929906993809870e-02
4.885507165004440155e-01
4.440447959180759963e-01
5.263392773898439847e-01
7.118072290411909808e-01
6.170003411208989652e-01
7.101173651118160013e-01
5.185139398778869646e-01
6.117233080073419815e-01
4.771212547196619913e-01
6.170003411208989652e-01
6.053050461411100258e-01
4.871383754771860253e-01
5.599066250361119934e-01
5.477747053878230243e-01
4.913616938342729723e-01
2.304489213782739965e-01
6.063813651106050306e-01
6.693168805661120491e-01
5.954962218255740458e-01
5.575072019056579453e-01
3.541084391474009774e-01
3.710678622717359931e-01
3.944516808262160112e-01
5.831987739686229633e-01
4.941545940184430274e-01
6.127838567197360087e-01
5.797835966168100041e-01
2.938377768520970129e-02
5.705429398818979703e-01
3.802112417116059739e-01
5.327543789924980011e-01
6.776069527204929832e-01
6.042260530844699717e-01
7.226339225338119787e-01
4.517864355242899865e-01
6.031443726201819455e-01
6.972293427597180404e-01
6.434526764861869808e-01
3.820170425748680154e-01
4.899584794248350028e-01
4.727564493172120019e-01
5.490032620257879747e-01
7.092699609758309487e-01
1.846914308175990060e-01
5.705429398818979703e-01
6.314437690131720071e-01
5.024271199844330127e-01
4.456042032735980096e-01
4.623979978989560258e-01
5.314789170422550280e-01
1.461280356782380108e-01
2.174839442139059886e-01
1.931245983544619960e-01
7.188200730612540057e-02
6.020599913279619519e-01
3.729120029701070149e-01
1.492191126553799874e-01
1.702617153949569917e-01
2.013971243204520090e-01
4.532297878665750290e-02
6.364878963533650014e-01
3.579348470004540261e-01
-1.307682802690240120e-01
-8.618614761628330678e-02
-1.135092748275180058e-01
4.139268515822509820e-02
6.180480967120930424e-01
6.074550232146690432e-01
5.415792439465809682e-01
4.313637641589869731e-01
7.075701760979360433e-01
3.926969532596660262e-01
2.278867046136739960e-01
2.430380486862940004e-01
5.899496013257079507e-01
8.635983067474820030e-02
1.205739312058499990e-01
1.271047983648080082e-01
7.918124604762480367e-02
6.589648426644350021e-01
4.502491083193609911e-01
5.854607295085010321e-01
5.289167002776550275e-01
3.692158574101430113e-01
5.646660642520889839e-01
5.307844348341970303e-02
1.335389083702180069e-01
1.522883443830559957e-01
2.430380486862940004e-01
3.636119798921439994e-01
5.693739096150459700e-01
5.888317255942070449e-01
6.919651027673600074e-01
2.121876044039580078e-01
1.583624920952499959e-01
1.673173347481760054e-01
6.404814369704220356e-01
2.600713879850750088e-01
4.031205211758179807e-01
4.232458739368080147e-01
5.550944485783190219e-01
4.297522800024080047e-01
6.148972160331349635e-01
7.101173651118160013e-01
5.658478186735179660e-01
4.608978427565479929e-01
5.490032620257879747e-01
5.237464668115640043e-01
5.051499783199060456e-01
8.600171761917569171e-03
0.000000000000000000e+00
6.683859166900000259e-01
7.015679850559269903e-01
7.075701760979360433e-01
6.232492903979000021e-01
6.503075231319359606e-01
6.201360549737580108e-01
2.405492482825999923e-01
3.222192947339190261e-01
2.304489213782739965e-01
3.802112417116059739e-01
3.483048630481609953e-01
3.783979009481380218e-01
3.263358609287509982e-01
4.563660331290430028e-01
4.393326938302630214e-01
3.384564936046050021e-01
3.384564936046050021e-01
3.201462861110540015e-01
3.961993470957360097e-01
4.014005407815440241e-01
3.783979009481380218e-01
6.069784035361169838e-02
3.342375548694970222e-02
1.335389083702180069e-01
4.927603890268379971e-01
7.041505168397990122e-01
6.919651027673600074e-01
6.998377258672460188e-01
7.075701760979360433e-01
6.148972160331349635e-01
5.682017240669949842e-01
5.132176000679390393e-01
5.132176000679390393e-01
4.065401804339550118e-01
4.031205211758179807e-01
3.692158574101430113e-01
5.910646070264989893e-01
1.461280356782380108e-01
8.990511143939790284e-02
9.342168516223510466e-02
1.105897102992489944e-01
6.106601630898800259e-01
5.145477526602859619e-01
5.797835966168100041e-01
4.393326938302630214e-01
5.809249756756189598e-01
1.583624920952499959e-01
1.283722470517219966e-02
4.487063199050799756e-01
4.955443375464479994e-01
4.377505628203879895e-01
6.551384348113820089e-01
6.875289612146340268e-01
6.434526764861869808e-01
5.237464668115640043e-01
6.180480967120930424e-01
-5.060999335508720165e-02
5.820633629117090146e-01
4.116197059632299982e-01
3.344537511509310113e-01
1.818435879447730108e-01
4.578818967339919888e-01
4.727564493172120019e-01
7.315887651867389874e-01
5.998830720736879618e-01
6.324572921847240181e-01
6.374897295125110386e-01
5.877109650189109580e-01
5.198279937757189773e-01
3.263358609287509982e-01
3.692158574101430113e-01
3.654879848909000084e-01
2.095150145426309951e-01
1.846914308175990060e-01
2.552725051033060133e-01
2.227164711475830006e-01
2.695129442179159951e-01
1.238516409670859936e-01
6.821450763738320378e-01
4.941545940184430274e-01
4.456042032735980096e-01
3.541084391474009774e-01
6.627578316815739834e-01
6.910814921229679886e-01
6.655809910179529831e-01
7.234556720351860148e-01
6.839471307515120335e-01
2.528530309798929787e-01
2.552725051033060133e-01
4.265112613645750117e-01
6.512780139981440009e-01
5.820633629117090146e-01
6.117233080073419815e-01
6.541765418779610375e-01
5.403294747908740092e-01
2.355284469075490106e-01
2.648178230095369901e-01
2.148438480476979884e-01
4.099331233312950018e-01
6.314437690131720071e-01
1.283722470517219966e-02
2.405492482825999923e-01
0.000000000000000000e+00
8.600171761917569171e-03
-4.095860767890639742e-02
5.634810853944109965e-01
5.250448070368449738e-01
4.756711883244300054e-01
-1.426675035687320070e-01
-1.938200260161130062e-01
-2.291479883578559917e-01
9.691001300805640595e-02
1.760912590556809876e-01
1.205739312058499990e-01
6.766936096248670207e-01
6.946051989335689791e-01
2.304489213782739965e-01
2.013971243204520090e-01
1.931245983544619960e-01
5.932860670204570530e-01
5.998830720736879618e-01
3.979400086720379925e-01
3.617278360175930074e-01
2.013971243204520090e-01
-6.048074738138149720e-02
5.145477526602859619e-01
4.913616938342729723e-01
4.913616938342729723e-01
6.201360549737580108e-01
5.611013836490560402e-01
6.434526764861869808e-01
6.031443726201819455e-01
6.314437690131720071e-01
6.937269489236469466e-01
7.234556720351860148e-01
6.830470382388500461e-01
6.803355134145629979e-01
1.846914308175990060e-01
4.756711883244300054e-01
5.705429398818979703e-01
1.105897102992489944e-01
2.530586526477029974e-02
-6.197887582883939706e-01
-2.757241303992110093e-01
3.031960574204889958e-01
4.653828514484180112e-01
2.900346113625180133e-01
6.919651027673600074e-01
5.502283530550939883e-01
6.483600109809319889e-01
3.242824552976930064e-01
6.434526764861869808e-01
7.118072290411909808e-01
7.007037171450190005e-01
6.551384348113820089e-01
6.190933306267429881e-01
5.010592622177509892e-01
5.502283530550939883e-01
3.324384599156050002e-01
5.646660642520889839e-01
4.409090820652180054e-01
5.740312677277189524e-01
6.739419986340879909e-01
5.622928644564749723e-01
3.979400086720379925e-01
3.802112417116059739e-01
5.314789170422550280e-01
6.222140229662950217e-01
6.009728956867480543e-01
5.843312243675310436e-01
3.463529744506390062e-01
4.548448600085099880e-01
1.430148002540949925e-01
2.528530309798929787e-01
1.271047983648080082e-01
6.263403673750419509e-01
5.024271199844330127e-01
4.456042032735980096e-01
5.477747053878230243e-01
2.095150145426309951e-01
2.833012287035500121e-01
2.380461031287950113e-01
7.307822756663889807e-01
6.334684555795869754e-01
6.434526764861869808e-01
4.941545940184430274e-01
4.456042032735980096e-01
3.541084391474009774e-01
3.117538610557539780e-01
3.222192947339190261e-01
2.833012287035500121e-01
6.454222693490919704e-01
4.048337166199379999e-01
6.334684555795869754e-01
6.512780139981440009e-01
4.698220159781629768e-01
5.954962218255740458e-01
5.575072019056579453e-01
4.149733479708179740e-01
6.683859166900000259e-01
7.015679850559269903e-01
6.627578316815739834e-01
5.550944485783190219e-01
4.440447959180759963e-01
4.638929889859069733e-01
6.127838567197360087e-01
4.321373782642579965e-03
-1.772876696043159880e-02
-2.227639471115230169e-02
5.899496013257079507e-01
5.682017240669949842e-01
6.074550232146690432e-01
4.913616938342729723e-01
5.658478186735179660e-01
5.682017240669949842e-01
4.941545940184430274e-01
4.456042032735980096e-01
3.541084391474009774e-01
1.643528557844370075e-01
5.078558716958310182e-01
6.803355134145629979e-01
5.198279937757189773e-01
5.797835966168100041e-01
6.627578316815739834e-01
5.465426634781309634e-01
5.910646070264989893e-01
4.941545940184430274e-01
5.682017240669949842e-01
4.099331233312950018e-01
6.570558528571039947e-01
5.910646070264989893e-01
4.548448600085099880e-01
3.909351071033789760e-01
4.800069429571510171e-01
2.121876044039580078e-01
1.522883443830559957e-01
2.148438480476979884e-01
5.899496013257079507e-01
5.987905067631149603e-01
5.682017240669949842e-01
4.842998393467859986e-01
5.477747053878230243e-01
5.965970956264600167e-01
5.705429398818979703e-01
5.538830266438740102e-01
6.839471307515120335e-01
5.250448070368449738e-01
5.774917998372249839e-01
6.117233080073419815e-01
4.771212547196619913e-01
6.170003411208989652e-01
6.053050461411100258e-01
5.477747053878230243e-01
5.954962218255740458e-01
5.575072019056579453e-01
4.149733479708179740e-01
6.683859166900000259e-01
7.015679850559269903e-01
6.627578316815739834e-01
5.550944485783190219e-01
6.503075231319359606e-01
5.599066250361119934e-01
6.839471307515120335e-01
6.646419755561260301e-01
5.910646070264989893e-01
5.797835966168100041e-01
7.101173651118160013e-01
5.185139398778869646e-01
6.512780139981440009e-01
5.682017240669949842e-01
5.132176000679390393e-01
5.132176000679390393e-01
4.065401804339550118e-01
4.031205211758179807e-01
3.692158574101430113e-01
5.910646070264989893e-01
5.378190950732739672e-01
6.812412373755869499e-01
5.158738437116789921e-01
9.691001300805640595e-02
1.760912590556809876e-01
1.205739312058499990e-01
6.766936096248670207e-01
6.946051989335689791e-01
6.683859166900000259e-01
7.015679850559269903e-01
7.075701760979360433e-01
6.232492903979000021e-01
6.693168805661120491e-01
5.954962218255740458e-01
5.575072019056579453e-01
5.965970956264600167e-01
5.705429398818979703e-01
5.538830266438740102e-01
6.839471307515120335e-01
5.250448070368449738e-01
5.774917998372249839e-01
2.121876044039580078e-01
1.583624920952499959e-01
1.673173347481760054e-01
6.404814369704220356e-01
4.941545940184430274e-01
4.456042032735980096e-01
3.541084391474009774e-01
7.315887651867389874e-01
5.998830720736879618e-01
6.324572921847240181e-01
-1.307682802690240120e-01
-8.618614761628330678e-02
-1.135092748275180058e-01
4.139268515822509820e-02
6.180480967120930424e-01
6.074550232146690432e-01
5.415792439465809682e-01
4.313637641589869731e-01
5.465426634781309634e-01
5.910646070264989893e-01
4.941545940184430274e-01
5.682017240669949842e-01
4.099331233312950018e-01
5.490032620257879747e-01
5.465426634781309634e-01
5.910646070264989893e-01
4.941545940184430274e-01
5.682017240669949842e-01
4.099331233312950018e-01
7.101173651118160013e-01
5.185139398778869646e-01
6.180480967120930424e-01
6.074550232146690432e-01
5.415792439465809682e-01
4.313637641589869731e-01
6.683859166900000259e-01
7.015679850559269903e-01
7.075701760979360433e-01
6.232492903979000021e-01
4.199557484897579740e-01
3.979400086720379925e-01
3.242824552976930064e-01
9.691001300805640595e-02
1.522883443830559957e-01
2.405492482825999923e-01
1.986570869544229956e-01
2.479732663618069988e-01
-1.426675035687320070e-01
-1.938200260161130062e-01
-2.291479883578559917e-01
2.355284469075490106e-01
2.648178230095369901e-01
2.148438480476979884e-01
4.099331233312950018e-01
4.756711883244300054e-01
3.961993470957360097e-01
4.014005407815440241e-01
3.783979009481380218e-01
6.069784035361169838e-02
3.342375548694970222e-02
1.335389083702180069e-01
6.589648426644350021e-01
5.705429398818979703e-01
6.937269489236469466e-01
2.528530309798929787e-01
2.552725051033060133e-01
4.265112613645750117e-01
6.483600109809319889e-01
3.242824552976930064e-01
6.434526764861869808e-01
3.692158574101430113e-01
4.899584794248350028e-01
4.727564493172120019e-01
3.692158574101430113e-01
2.095150145426309951e-01
2.833012287035500121e-01
2.380461031287950113e-01
7.307822756663889807e-01
6.334684555795869754e-01
6.434526764861869808e-01
4.440447959180759963e-01
4.638929889859069733e-01
6.127838567197360087e-01
4.885507165004440155e-01
4.440447959180759963e-01
5.263392773898439847e-01
7.118072290411909808e-01
6.170003411208989652e-01
6.232492903979000021e-01
7.234556720351860148e-01
6.830470382388500461e-01
6.803355134145629979e-01
5.634810853944109965e-01
5.250448070368449738e-01
4.756711883244300054e-01
7.041505168397990122e-01
6.919651027673600074e-01
6.998377258672460188e-01
7.075701760979360433e-01
6.148972160331349635e-01
5.378190950732739672e-01
6.937269489236469466e-01
5.899496013257079507e-01
5.987905067631149603e-01
5.899496013257079507e-01
0.000000000000000000e+00
8.600171761917569171e-03
-4.095860767890639742e-02
5.693739096150459700e-01
5.998830720736879618e-01
1.430148002540949925e-01
2.528530309798929787e-01
1.271047983648080082e-01
6.263403673750419509e-01
5.024271199844330127e-01
4.456042032735980096e-01
5.477747053878230243e-01
4.653828514484180112e-01
2.900346113625180133e-01
6.919651027673600074e-01
5.502283530550939883e-01
6.803355134145629979e-01
5.198279937757189773e-01
6.063813651106050306e-01
6.512780139981440009e-01
5.820633629117090146e-01
6.117233080073419815e-01
6.541765418779610375e-01
5.403294747908740092e-01
3.117538610557539780e-01
3.222192947339190261e-01
2.833012287035500121e-01
6.454222693490919704e-01
4.048337166199379999e-01
6.334684555795869754e-01
6.512780139981440009e-01
4.698220159781629768e-01
6.106601630898800259e-01
5.145477526602859619e-01
6.821450763738320378e-01
6.424645202421209733e-01
6.919651027673600074e-01
4.321373782642579965e-03
-1.772876696043159880e-02
-2.227639471115230169e-02
5.899496013257079507e-01
5.682017240669949842e-01
6.074550232146690432e-01
4.913616938342729723e-01
6.020599913279619519e-01
5.477747053878230243e-01
5.705429398818979703e-01
3.802112417116059739e-01
5.327543789924980011e-01
6.776069527204929832e-01
6.042260530844699717e-01
2.013971243204520090e-01
1.931245983544619960e-01
3.541084391474009774e-01
3.710678622717359931e-01
3.944516808262160112e-01
5.831987739686229633e-01
-1.307682802690240120e-01
-8.618614761628330678e-02
-1.135092748275180058e-01
4.139268515822509820e-02
5.611013836490560402e-01
6.434526764861869808e-01
6.031443726201819455e-01
6.314437690131720071e-01
5.658478186735179660e-01
5.477747053878230243e-01
6.589648426644350021e-01
6.374897295125110386e-01
5.877109650189109580e-01
7.226339225338119787e-01
4.517864355242899865e-01
6.031443726201819455e-01
6.972293427597180404e-01
7.118072290411909808e-01
7.007037171450190005e-01
6.551384348113820089e-01
6.190933306267429881e-01
7.075701760979360433e-01
3.979400086720379925e-01
3.617278360175930074e-01
2.013971243204520090e-01
5.705429398818979703e-01
1.492191126553799874e-01
1.702617153949569917e-01
2.013971243204520090e-01
4.532297878665750290e-02
