0.061497741635823895
0.6761376528379316
0.46155638945632904
0.24138660626516786
0.2069351085409875
0.08200553774140461
0.06458667162350215
0.03233093248611978
0.00037871735615789635
0.0007292912275748936
0.4572140035691835
1.4780568972996029
0.02518554064703139
0.06924953736615429
0.0035945071780847707
0.06125245505012755
0.004861831690637998
0.03532725237442046
0.017012970034786506
0.06436216751041303
0.04544174528085701
0.0015919203385870721
0.11783119143232827
0.005499308756033144
0.10821622938816572
0.220454320566176
0.0016847587257652083
0.042262040767622855
0.004341652417852718
0.01910774667267099
0.4572140035691835
0.0042468047264302405
0.46155638945632904
0.02189388348048399
0.007646143043545541
0.21755721052387553
0.1819712010031138
0.12921917631582452
0.03639317745497395
0.0030221948808571326
0.1192640162036119
0.007646143043545541
0.0017310880199131703
0.004714862110126906
0.009178597252937595
0.4572140035691835
0.03233093248611978
0.1745107452469718
0.0648585759363986
0.04749101039201096
0.016648963670357106
0.0062628179579433734
0.011071427135743966
0.15420968693342418
0.0055387302933962
0.01504152534971056
0.7991476774417201
0.6378523878803676
0.220454320566176
0.06472426746613377
0.15810422597178223
0.009408431978433199
0.042262040767622855
0.39879794338632685
0.059379790869246434
0.0015919203385870721
0.05316257133487571
0.22402893621651407
0.004341652417852718
0.00860384189599384
0.12921917631582452
0.00021239602385575906
0.06436216751041303
0.05898393256459922
0.0409412942275333
0.0007292912275748936
0.061497741635823895
0.02018651987020249
0.45015566274234664
0.005499308756033144
0.0022311625333467744
0.09233602964233764
0.0149186146948471
0.20565038874771632
0.17406959882416387
0.3718048164037179
0.017012970034786506
0.020404501745187452
0.014731574229580692
0.3103314467906252
0.10862370616655026
0.21755721052387553
0.10821622938816572
0.6761376528379316
0.01332402163484455
0.011648894642767828
0.0016847587257652083
0.11043829108941747
0.4476070059304748
0.2601121286692548
0.0042468047264302405
0.04544174528085701
0.36633669943049524
0.028972465378459017
0.01224281705596223
0.5956761686770204
0.10071776975620589
0.7970540998211544
0.052045752799724045
0.13737431829890806
0.04540620241515961
0.02189388348048399
0.1377915563245517
0.46155638945632904
0.00037871735615789635
0.24138660626516786
0.0120198459824498
0.3725779530853714
0.03532725237442046
0.38344078198795367
0.4182609815135096
0.03115387193063494
0.004836507528035591
0.030905258321318945
0.035459004443832536
0.4693283945538869
0.04185972598803659
0.7339858217829522
0.0035945071780847707
0.1920260557027974
0.28325178764053055
0.3944341355903926
0.11783119143232827
0.018615873276196182
0.003447968261391147
0.011157250842995521
0.27809347211437463
0.011447844869240033
0.015482439848441144
0.33786422082714496
1.4780568972996029
0.47306732897450526
0.1800795584949798
0.02518554064703139
0.025864073626035433
0.08569067674406737
0.07240646540223637
0.051120113896986896
0.019112379736336584
1.0302010588137682
0.49747997189674137
0.25409105745751376
0.36313041042127286
0.24138660626516786
0.15882174336920607
0.06458667162350215
0.06499986016904238
0.7422216188345784
0.021863690646919415
0.041915470613465095
0.24138660626516786
0.2069351085409875
0.06924953736615429
0.004861831690637998
0.009623013659931191
0.11132373291020456
0.0017106567158763322
0.01910774667267099
0.1819712010031138
0.08200553774140461
0.011087974218813742
0.0005270691368561403
0.06125245505012755
0.04749101039201096
0.0005270691368561403
0.06458667162350215
0.011648894642767828
0.0062628179579433734
0.017580646996896244
0.01910774667267099
0.004861831690637998
0.0648585759363986
0.0017310880199131703
0.36633669943049524
0.009178597252937595
0.005687212046977604
0.0030221948808571326
0.4693283945538869
0.01332402163484455
0.01504152534971056
0.06125245505012755
0.3103314467906252
0.24138660626516786
0.04540620241515961
0.05898393256459922
0.0409412942275333
0.11132373291020456
0.042262040767622855
0.11132373291020456
0.0648585759363986
0.0409412942275333
0.01332402163484455
0.22941834755352727
0.035459004443832536
0.38344078198795367
0.011447844869240033
0.2601121286692548
0.005499308756033144
0.0015919203385870721
0.003447968261391147
0.3725779530853714
0.1800795584949798
0.0149186146948471
0.009408431978433199
0.0149186146948471
0.015482439848441144
0.36313041042127286
0.06499986016904238
0.1745107452469718
0.004714862110126906
0.011157250842995521
0.030905258321318945
0.04544174528085701
0.009178597252937595
0.003447968261391147
0.08200553774140461
0.02018651987020249
0.004836507528035591
0.017012970034786506
0.1920260557027974
0.25409105745751376
0.47306732897450526
0.06924953736615429
0.0055387302933962
0.03532725237442046
0.15882174336920607
0.01224281705596223
0.00037871735615789635
0.007646143043545541
0.014731574229580692
0.7422216188345784
0.004341652417852718
0.011071427135743966
0.220454320566176
0.7339858217829522
0.7991476774417201
0.05898393256459922
0.018615873276196182
0.021863690646919415
0.0005270691368561403
0.005499308756033144
0.02189388348048399
0.06472426746613377
0.02518554064703139
0.0007292912275748936
0.28325178764053055
0.33786422082714496
0.12921917631582452
