9.859787682824591171e-01
9.328403170084084151e-01
6.075939643813681457e-01
1.430432869810013496e+00
1.549705549606988697e+00
2.014529213509482997e+00
2.012482009621723300e+00
-4.754181599887699616e-02
2.287734839363499972e+00
2.327435375399432349e+00
3.862593964500425359e-01
8.179620300964088320e-02
2.227667386466136712e+00
1.989190764615875073e+00
2.044896826218316477e+00
2.055569201016257175e+00
2.018619799377570079e+00
1.999683577744567398e+00
2.047144436913838295e+00
1.501647204704412930e+00
2.208124252634826590e+00
1.854444815647512401e+00
1.604686730999022481e+00
2.100768980286944920e+00
2.013282514898878883e+00
1.763840445668235057e+00
2.007806591853869893e+00
2.030181591751376580e+00
2.011060252671952320e+00
2.152691779935670180e+00
3.862593964500425359e-01
1.546960027588027309e+00
6.075939643813681457e-01
2.028761000335696618e+00
2.218683540732136805e+00
1.305324216103981083e+00
9.186567010656118137e-01
1.475134252805998247e-01
1.376507586944557771e+00
1.791123083135336636e+00
1.592190104658959937e+00
2.218683540732136805e+00
2.140999123841497376e+00
2.111871868888082648e+00
1.859772506810912551e+00
3.862593964500425359e-01
-4.754181599887699616e-02
1.917032790881725957e+00
2.093993990336381561e+00
1.818612138685117285e+00
1.824188642985689945e+00
1.961311513007023555e+00
1.925000268042774909e+00
1.441541944301567568e+00
2.097377142766764901e+00
2.029546740290747664e+00
1.314073958705434197e+00
9.252696526687426148e-01
1.763840445668235057e+00
2.105269375242952989e+00
1.726330790943353177e+00
1.613798670716644956e+00
2.030181591751376580e+00
1.708661072811790804e+00
5.875826214660428981e-01
1.854444815647512401e+00
1.883219270835769787e+00
8.726481670026342563e-01
2.011060252671952320e+00
1.358802408167463227e+00
1.475134252805998247e-01
2.100904185870533514e+00
1.501647204704412930e+00
-2.138084391520080341e-01
1.894037815593347496e+00
2.327435375399432349e+00
9.859787682824591171e-01
2.118378209157509851e+00
7.788594251823472980e-01
2.100768980286944920e+00
1.492360779262672521e+00
1.737707926655229995e+00
1.286141528238362586e+00
1.628823467278224690e+00
8.909487864219149955e-01
1.170634183310564236e+00
2.047144436913838295e+00
1.850178014730994969e+00
2.129029428966533022e+00
1.331687151243367451e+00
1.459635741411181797e+00
1.305324216103981083e+00
2.013282514898878883e+00
9.328403170084084151e-01
2.215006363313842375e+00
2.222495344907194692e+00
2.007806591853869893e+00
8.763286414599280594e-01
9.605287418121910559e-01
6.390582008036197470e-01
1.546960027588027309e+00
2.208124252634826590e+00
1.392489817300939903e+00
2.471410278118332526e-01
1.870401410062646930e+00
6.726958982921741326e-01
1.697268101613381486e+00
1.339447632188706327e+00
1.797266216133334149e+00
1.202758637430294097e+00
2.200909844187225239e+00
2.028761000335696618e+00
1.381967839102343776e+00
6.075939643813681457e-01
2.287734839363499972e+00
1.430432869810013496e+00
2.252441150874354925e+00
1.286488488503932937e+00
1.999683577744567398e+00
1.391923264009382599e+00
1.856793716862585875e+00
9.559876509139125789e-01
-5.057313973531737256e-02
1.782994596639314588e+00
-5.329667191470200960e-01
1.601191073554432132e+00
7.497929630084316788e-01
1.100864945342220569e+00
2.044896826218316477e+00
1.758106108045190075e+00
1.059068430963253427e+00
7.816563866396110116e-01
1.604686730999022481e+00
2.065147527213150980e+00
2.300394617386280149e+00
2.284561087981291649e+00
6.371446496143832183e-01
1.719984391537413337e+00
2.300231788192039772e+00
1.400910382175185376e+00
8.179620300964088320e-02
1.395450130206062234e+00
1.678113190684971778e+00
2.227667386466136712e+00
1.488353985293287884e+00
1.636251945965863319e+00
1.692737359804643349e+00
1.588953381276516863e+00
2.075165541175744810e+00
4.828699187052065134e-01
1.234933355040385594e+00
1.494302455271901753e+00
1.729008019530580809e+00
1.430432869810013496e+00
1.601365585403194070e+00
2.012482009621723300e+00
1.816407315334823247e+00
1.004660616602875312e+00
2.122953272198351726e+00
1.702000522096225099e+00
1.430432869810013496e+00
1.549705549606988697e+00
1.989190764615875073e+00
2.018619799377570079e+00
2.184182664800359941e+00
1.851818670815356116e+00
2.190018014494845122e+00
2.152691779935670180e+00
9.186567010656118137e-01
2.014529213509482997e+00
1.813493283615825957e+00
1.816416523726460008e+00
2.055569201016257175e+00
1.818612138685117285e+00
1.816416523726460008e+00
2.012482009621723300e+00
2.222495344907194692e+00
1.961311513007023555e+00
2.152997758610402101e+00
2.152691779935670180e+00
2.018619799377570079e+00
2.093993990336381561e+00
2.140999123841497376e+00
1.392489817300939903e+00
1.859772506810912551e+00
2.139597524681367435e+00
1.791123083135336636e+00
1.601191073554432132e+00
2.215006363313842375e+00
2.029546740290747664e+00
2.055569201016257175e+00
1.331687151243367451e+00
1.430432869810013496e+00
2.200909844187225239e+00
-2.138084391520080341e-01
1.894037815593347496e+00
1.851818670815356116e+00
2.030181591751376580e+00
1.851818670815356116e+00
2.093993990336381561e+00
1.894037815593347496e+00
2.215006363313842375e+00
6.060656910932410435e-01
-5.329667191470200960e-01
1.391923264009382599e+00
1.719984391537413337e+00
6.390582008036197470e-01
2.100768980286944920e+00
1.854444815647512401e+00
2.300394617386280149e+00
1.286488488503932937e+00
1.678113190684971778e+00
1.286141528238362586e+00
1.613798670716644956e+00
1.286141528238362586e+00
2.300231788192039772e+00
1.729008019530580809e+00
1.816407315334823247e+00
1.917032790881725957e+00
2.111871868888082648e+00
2.284561087981291649e+00
1.782994596639314588e+00
2.208124252634826590e+00
1.859772506810912551e+00
2.300394617386280149e+00
2.014529213509482997e+00
2.118378209157509851e+00
-5.057313973531737256e-02
2.047144436913838295e+00
1.758106108045190075e+00
1.494302455271901753e+00
1.395450130206062234e+00
1.989190764615875073e+00
2.097377142766764901e+00
1.999683577744567398e+00
1.601365585403194070e+00
1.870401410062646930e+00
2.287734839363499972e+00
2.218683540732136805e+00
2.129029428966533022e+00
1.004660616602875312e+00
2.011060252671952320e+00
1.925000268042774909e+00
1.763840445668235057e+00
1.100864945342220569e+00
1.314073958705434197e+00
-2.138084391520080341e-01
2.065147527213150980e+00
2.122953272198351726e+00
1.816416523726460008e+00
2.100768980286944920e+00
2.028761000335696618e+00
2.105269375242952989e+00
2.227667386466136712e+00
2.327435375399432349e+00
1.059068430963253427e+00
1.400910382175185376e+00
1.475134252805998247e-01
