1.5833333333333333
0.5555555555555556
4.666666666666667
0.5555555555555555
0.8055555555555557
0.22222222222222224
10.25
9.472222222222221
4.666666666666667
1.5555555555555554
0.8888888888888888
4.583333333333333
0.6666666666666666
0.24489795918367346
2.8888888888888893
6.0
0.6666666666666666
1.6875
2.888888888888889
0.6875
1.5555555555555554
0.8888888888888888
2.0
0.888888888888889
0.25
1.5555555555555554
1.1875
1.5833333333333333
7.333333333333333
1.5555555555555554
0.2222222222222222
2.888888888888889
0.22222222222222224
1.2653061224489794
1.5555555555555554
3.25
1.0
0.25
0.8055555555555557
4.53061224489796
3.8888888888888893
2.888888888888889
0.22222222222222224
0.22222222222222224
2.1875
3.472222222222222
1.0
3.0
0.8888888888888888
0.2222222222222222
0.8888888888888888
0.8888888888888888
1.1388888888888888
4.222222222222222
0.888888888888889
3.6875
11.555555555555555
1.6875
1.3877551020408163
4.222222222222222
0.25
0.888888888888889
0.2222222222222222
0.0
6.0
2.6399999999999997
4.666666666666667
10.25
0.888888888888889
9.555555555555555
0.6875
0.5
0.7755102040816327
0.25
1.5555555555555554
1.5555555555555554
0.8888888888888888
2.8888888888888893
1.6875
0.6666666666666666
3.5555555555555554
1.2653061224489797
1.5555555555555554
0.22222222222222224
0.6875
2.0
1.0617283950617287
1.6875
1.1875
0.6666666666666666
2.888888888888889
3.5555555555555554
2.5306122448979593
0.40816326530612246
0.22222222222222224
3.4722222222222228
1.1428571428571428
1.5555555555555556
7.333333333333333
0.888888888888889
1.5833333333333333
0.22222222222222224
0.7755102040816328
8.666666666666666
0.24489795918367346
6.0
1.0
2.888888888888889
0.0
4.222222222222222
4.222222222222222
0.0
0.8888888888888888
0.22222222222222224
2.888888888888889
2.0
0.6666666666666666
10.888888888888888
2.888888888888889
0.0
9.555555555555555
9.472222222222221
5.428571428571429
4.666666666666667
0.22222222222222224
0.8888888888888888
2.472222222222222
0.6875
2.9166666666666665
1.6326530612244896
0.6666666666666666
1.1388888888888886
0.25
0.5555555555555555
1.5555555555555554
0.22222222222222224
0.75
0.5555555555555556
1.5555555555555554
0.6666666666666666
0.5
3.387755102040817
1.6875
1.5555555555555554
4.666666666666667
1.8888888888888886
1.0
4.583333333333333
2.888888888888889
1.0
0.5555555555555555
0.6875
0.22222222222222224
2.359375
1.5555555555555554
0.6666666666666666
3.8888888888888893
3.25
2.888888888888889
0.25
0.25
0.22222222222222224
4.222222222222222
0.22222222222222224
3.0
4.583333333333333
3.5555555555555554
2.6399999999999997
4.666666666666667
3.387755102040817
0.888888888888889
3.387755102040817
3.8888888888888893
4.666666666666667
0.22222222222222224
6.666666666666667
0.0
6.0
2.888888888888889
0.6875
1.6875
0.6666666666666666
8.666666666666666
0.25
4.222222222222222
0.25
0.0
1.1388888888888886
4.53061224489796
1.0
0.6666666666666666
0.25
0.6666666666666666
4.666666666666667
0.888888888888889
2.8888888888888893
0.22222222222222224
0.6666666666666666
5.428571428571429
1.5555555555555554
1.0
0.24489795918367346
0.25
2.5306122448979593
0.22222222222222224
1.5555555555555554
0.6666666666666666
1.5555555555555554
0.25
2.1875
0.8888888888888888
0.0
0.8888888888888888
2.6399999999999997
2.0
0.22222222222222224
1.0
0.6875
7.333333333333333
0.8888888888888888
4.666666666666667
10.25
9.555555555555555
0.2222222222222222
