0 1 2 |PI656015|0.006334478446191842
3 4 5 |PI642998|0.0339308355819296
6 7 8 |PI330196|0.0036775112877799974
9 10 11 |PI452692|8.938537470636602e-05
12 13 14 |PI533998|0.0005085442993761159
15 16 17 |PI329333|3.431901017290695e-05
18 19 20 21 |PI329351|6.608768426159448e-05
22 23 24 25 |PI542718|0.1092861450437472
26 27 28 |PI329617|0.005461240677144554
29 30 31 |PI570393|0.0003257308554927468
32 33 34 |PI563329|0.0006229965426675744
35 36 37 |PI562994|0.00044057460936742127
38 39 40 41 |PI329570|0.0003252165827789666
42 43 44 |PI619838|0.0002250615881441604
45 46 47 48 |PI563009|0.00014425832195458642
49 50 51 52 |PI330167|0.0004983421807147063
53 54 55 |PI329569|0.0006384483171325916
56 57 58 |PI569886|0.00015267124917379756
59 60 61 62 |PI329605|0.00039343645352599176
63 64 65 |PI562991|0.001731526009510991
66 67 68 69 |PI655983|0.00038484144504831897
70 71 72 |PI656015|0.006334478446191842
73 74 75 |PI329584|0.00033155331305968397
76 77 78 |PI329510|0.0006928862821525294
79 80 81 |PI564163|0.0004880881646197323
82 83 84 |PI513898|0.00027386845407048675
85 86 87 88 |PI569423|5.8791128733409735e-05
89 90 91 |PI329510|0.0006928862821525294
92 93 94 95 |PI562971|0.00015686956618068121
96 97 98 99 |PI563348|0.00042725636438434886
100 101 102 103 |PI167093|0.0008317558394793933
104 105 106 |PI533998|0.0005085442993761159
107 108 109 110 |PI329301|0.04009876271741788
111 112 113 |PI521290|0.0006842573831804524
114 115 116 117 |PI569460|0.0015087134093031266
118 119 120 |PI562981|0.0005675306655871806
121 122 123 124 |PI585461|0.0010032823009614369
125 126 127 |PI569427|0.0010316026475639646
128 129 130 131 |PI563196|0.0005019145233068378
132 133 134 135 |PI154844|0.00015316786451252846
136 137 138 |PI535792|0.00466709808264514
139 140 141 |PI329569|0.0006384483171325916
142 143 144 |PI152694|7.34254891231375e-05
145 146 147 148 |PI155149|0.0002358313642216636
149 150 151 152 |PI563009|0.00014425832195458642
153 154 155 156 |PI156487|0.00021871086545310566
157 158 159 |PI535793|0.0014893841715484205
160 161 162 163 |PI329605|0.00039343645352599176
164 165 166 |PI535785|0.0007796720502863827
167 168 169 |PI564163|0.0004880881646197323
170 171 172 |PI569453|1.9247127666242e-05
173 174 175 |PI619838|0.0002250615881441604
176 177 178 179 |PI534165|0.00409040944974123
180 181 182 183 |PI329351|6.608768426159448e-05
184 185 186 |PI329440|0.0018292834207791992
187 188 189 190 |PI330167|0.0004983421807147063
191 192 193 194 |PI255744|0.00020218584766260012
195 196 197 198 |PI156203|5.504079259174313e-05
199 200 201 202 |PI35038|0.0013519108146302606
203 204 205 |PI570031|0.0186358445651787
206 207 208 209 |PI569447|0.00184903673301443
210 211 212 |PI329673|0.0013349613838057755
213 214 215 216 |PI569443|0.014475111853047118
217 218 219 220 |PI562730|0.0010556118626406917
221 222 223 |PI569886|0.00015267124917379756
224 225 226 |PI297155|0.00035412944051289467
227 228 229 |PI197542|0.018746656485185077
230 231 232 233 |PI655983|0.00038484144504831897
234 235 236 237 |PI329665|0.000862515142669291
238 239 240 241 |PI593916|0.014155926335887508
242 243 244 245 |PI569421|2.5102119683228935e-05
246 247 248 249 |PI156393|4.559079702881902e-05
250 251 252 |PI329584|0.00033155331305968397
253 254 255 |PI570109|0.003051873417307034
256 257 258 |PI656015|0.006334478446191842
259 260 261 |PI329333|3.431901017290695e-05
262 263 264 265 |PI196049|0.001236856602331644
266 267 268 269 |PI329570|0.0003252165827789666
270 271 272 |PI569452|2.4276476941659475e-05
273 274 275 |PI563332|0.0019171981047570168
276 277 278 |PI570393|0.0003257308554927468
279 280 281 |PI329465|0.017401220334826217
282 283 284 |PI330169|0.0003124516368591947
285 286 287 |PI653616|0.0010373929214943043
288 289 290 |PI329501|0.03061693752105683
291 292 293 294 |PI542718|0.1092861450437472
295 296 297 298 |PI569097|0.002155587985608171
299 300 301 |PI569422|0.0002069150761017744
302 303 304 |PI156018|0.0010894851001529437
305 306 307 |PI196586|0.004632456580994718
308 309 310 |PI643016|0.0006771964610960044
311 312 313 314 |PI92270|0.001831873870752588
315 316 317 |PI329841|0.0017157061340742983
318 319 320 |PI329843|0.00019278560010416762
321 322 323 |PI452692|8.938537470636602e-05
324 325 326 327 |PI570073|0.0037983404747515184
328 329 330 |PI642998|0.0339308355819296
331 332 333 |PI329617|0.005461240677144554
334 335 336 |PI562994|0.00044057460936742127
337 338 339 340 |PI570076|0.0008720284357695026
341 342 343 344 |PI562985|0.0005901211892279565
345 346 347 348 |PI152860|0.0001550181006492651
349 350 351 |PI562991|0.001731526009510991
352 353 354 |PI330196|0.0036775112877799974
355 356 357 |PI152728|1.1203296455692752e-05
358 359 360 361 |PI563002|4.7762508835333766e-05
362 363 364 |PI563329|0.0006229965426675744
365 366 367 368 |PI563002|4.7762508835333766e-05
369 370 371 |PI452692|8.938537470636602e-05
372 373 374 375 |PI562730|0.0010556118626406917
376 377 378 |PI562981|0.0005675306655871806
379 380 381 382 383 384 385 386 |PI505735|0.0015931416749780747
387 388 389 |PI562991|0.001731526009510991
390 391 392 |PI562994|0.00044057460936742127
393 394 395 |PI521290|0.0006842573831804524
396 397 398 399 |PI562971|0.00015686956618068121
400 401 402 403 |PI167093|0.0008317558394793933
404 405 406 407 |PI152727|0.0005153697999895888
408 409 410 |PI513898|0.00027386845407048675
411 412 413 |PI563332|0.0019171981047570168
414 415 416 417 |PI154844|0.00015316786451252846
418 419 420 |PI563329|0.0006229965426675744
421 422 423 424 |PI534165|0.00409040944974123
425 426 427 428 |PI562985|0.0005901211892279565
429 430 431 432 |PI562985|0.0005901211892279565
433 434 435 |PI521290|0.0006842573831804524
436 437 438 |PI52606|0.0012088926365831291
439 440 441 |PI653616|0.0010373929214943043
442 443 444 445 |PI330167|0.0004983421807147063
446 447 448 449 |PI563009|0.00014425832195458642
450 451 452 |PI330169|0.0003124516368591947
453 454 455 456 |PI35038|0.0013519108146302606
457 458 459 460 |PI35038|0.0013519108146302606
461 462 463 |PI329841|0.0017157061340742983
464 465 466 467 |PI329301|0.04009876271741788
468 469 470 471 |PI563348|0.00042725636438434886
472 473 474 475 |PI167093|0.0008317558394793933
476 477 478 |PI330169|0.0003124516368591947
479 480 481 |PI330196|0.0036775112877799974
482 483 484 |PI329440|0.0018292834207791992
485 486 487 |PI329465|0.017401220334826217
488 489 490 491 |PI569097|0.002155587985608171
492 493 494 |PI329617|0.005461240677144554
495 496 497 498 |PI563196|0.0005019145233068378
499 500 501 502 |PI329570|0.0003252165827789666
503 504 505 |PI329843|0.00019278560010416762
506 507 508 509 |PI329665|0.000862515142669291
510 511 512 |PI329333|3.431901017290695e-05
513 514 515 |PI329510|0.0006928862821525294
516 517 518 |PI329673|0.0013349613838057755
519 520 521 522 |PI329605|0.00039343645352599176
523 524 525 526 |PI585461|0.0010032823009614369
527 528 529 |PI329569|0.0006384483171325916
530 531 532 533 |PI534165|0.00409040944974123
534 535 536 537 |PI563002|4.7762508835333766e-05
538 539 540 541 |PI330167|0.0004983421807147063
542 543 544 |PI329584|0.00033155331305968397
545 546 547 548 |PI329351|6.608768426159448e-05
549 550 551 |PI329501|0.03061693752105683
552 553 554 |PI564163|0.0004880881646197323
