1.172712956557639963e-01
2.988530764097069858e-01
2.695129442179159951e-01
5.390760987927769587e-01
5.693739096150459700e-01
1.643528557844370075e-01
7.283537820212290237e-01
7.058637122839189759e-01
5.899496013257079507e-01
6.812412373755869499e-01
6.599162000698499675e-01
6.627578316815739834e-01
4.532297878665750290e-02
-8.773924307505150469e-03
8.600171761917569171e-03
6.963563887333320546e-01
6.875289612146340268e-01
6.821450763738320378e-01
7.084209001347130386e-01
6.884198220027110127e-01
6.981005456233899675e-01
7.075701760979360433e-01
-5.686362358410129714e-01
1.818435879447730108e-01
2.278867046136739960e-01
-2.757241303992110093e-01
7.242758696007890462e-01
5.502283530550939883e-01
6.803355134145629979e-01
6.159500516564010431e-01
6.374897295125110386e-01
5.932860670204570530e-01
7.134905430939419979e-01
7.450747915820580269e-01
6.839471307515120335e-01
6.127838567197360087e-01
6.304278750250239538e-01
5.797835966168100041e-01
6.618126855372610251e-01
6.503075231319359606e-01
6.148972160331349635e-01
6.541765418779610375e-01
5.065050324048719910e-01
5.198279937757189773e-01
5.428254269591800130e-01
5.390760987927769587e-01
5.575072019056579453e-01
5.658478186735179660e-01
5.705429398818979703e-01
5.976951859255119626e-01
6.314437690131720071e-01
6.414741105040999702e-01
6.589648426644350021e-01
7.092699609758309487e-01
6.473829701146199822e-01
6.776069527204929832e-01
6.031443726201819455e-01
5.899496013257079507e-01
6.201360549737580108e-01
6.063813651106050306e-01
5.786392099680720547e-01
6.344772701607319654e-01
6.020599913279619519e-01
6.637009253896479777e-01
6.893088591236200546e-01
5.910646070264989893e-01
4.440447959180759963e-01
4.502491083193609911e-01
4.756711883244300054e-01
4.927603890268379971e-01
1.172712956557639963e-01
2.988530764097069858e-01
2.695129442179159951e-01
6.304278750250239538e-01
6.720978579357179683e-01
6.374897295125110386e-01
7.041505168397990122e-01
6.570558528571039947e-01
6.424645202421209733e-01
-8.773924307505150469e-03
1.703333929878040123e-02
4.532297878665750290e-02
5.490032620257879747e-01
5.526682161121929671e-01
5.158738437116789921e-01
5.705429398818979703e-01
5.599066250361119934e-01
5.751878449276609517e-01
5.563025007672870448e-01
7.041505168397990122e-01
6.570558528571039947e-01
6.424645202421209733e-01
6.253124509616739823e-01
6.424645202421209733e-01
6.589648426644350021e-01
6.512780139981440009e-01
6.283889300503120445e-01
6.201360549737580108e-01
6.711728427150830401e-01
6.232492903979000021e-01
5.250448070368449738e-01
5.910646070264989893e-01
5.854607295085010321e-01
5.378190950732739672e-01
4.532297878665750290e-02
-8.773924307505150469e-03
8.600171761917569171e-03
2.528530309798929787e-01
7.299742856995560247e-01
7.024305364455250000e-01
7.118072290411909808e-01
7.209857441537389500e-01
6.608654780038689669e-01
7.101173651118160013e-01
5.563025007672870448e-01
5.943925503754270423e-01
5.587085705331660268e-01
4.871383754771860253e-01
5.932860670204570530e-01
6.180480967120930424e-01
5.599066250361119934e-01
5.490032620257879747e-01
6.190933306267429881e-01
6.020599913279619519e-01
5.477747053878230243e-01
5.563025007672870448e-01
5.622928644564749723e-01
4.913616938342729723e-01
6.532125137753439503e-01
6.541765418779610375e-01
6.117233080073419815e-01
6.063813651106050306e-01
6.589648426644350021e-01
6.702458530741239873e-01
6.394864892685859781e-01
6.693168805661120491e-01
5.307844348341970303e-02
1.846914308175990060e-01
2.938377768520970129e-02
7.092699609758309487e-01
6.473829701146199822e-01
6.776069527204929832e-01
6.454222693490919704e-01
6.263403673750419509e-01
6.434526764861869808e-01
6.989700043360189685e-01
6.739419986340879909e-01
7.134905430939419979e-01
7.092699609758309487e-01
5.390760987927769587e-01
5.575072019056579453e-01
5.658478186735179660e-01
5.705429398818979703e-01
5.965970956264600167e-01
6.159500516564010431e-01
6.334684555795869754e-01
6.314437690131720071e-01
1.613680022349749943e-01
1.430148002540949925e-01
7.188200730612540057e-02
6.063813651106050306e-01
5.786392099680720547e-01
6.344772701607319654e-01
6.020599913279619519e-01
4.132997640812520190e-01
4.409090820652180054e-01
3.729120029701070149e-01
-8.773924307505150469e-03
1.703333929878040123e-02
4.532297878665750290e-02
6.263403673750419509e-01
6.344772701607319654e-01
6.364878963533650014e-01
5.065050324048719910e-01
5.198279937757189773e-01
5.428254269591800130e-01
6.069784035361169838e-02
2.530586526477029974e-02
-1.023729087095589935e-01
4.139268515822509820e-02
7.084209001347130386e-01
6.884198220027110127e-01
6.981005456233899675e-01
7.075701760979360433e-01
6.294095991027189863e-01
6.937269489236469466e-01
5.899496013257079507e-01
5.976951859255119626e-01
6.314437690131720071e-01
6.414741105040999702e-01
6.589648426644350021e-01
4.297522800024080047e-01
4.471580313422189867e-01
4.698220159781629768e-01
4.502491083193609911e-01
5.998830720736879618e-01
5.910646070264989893e-01
5.797835966168100041e-01
5.854607295085010321e-01
4.361626470407560241e-01
4.048337166199379999e-01
3.384564936046050021e-01
3.692158574101430113e-01
2.988530764097069858e-01
6.074550232146690432e-01
5.646660642520889839e-01
5.774917998372249839e-01
5.786392099680720547e-01
4.828735836087539868e-01
5.888317255942070449e-01
6.085260335771940365e-01
6.222140229662950217e-01
6.919651027673600074e-01
5.428254269591800130e-01
5.378190950732739672e-01
5.327543789924980011e-01
2.600713879850750088e-01
7.024305364455250000e-01
6.981005456233899675e-01
6.253124509616739823e-01
6.503075231319359606e-01
6.031443726201819455e-01
5.899496013257079507e-01
6.201360549737580108e-01
3.424226808222060048e-01
3.384564936046050021e-01
3.802112417116059739e-01
3.180633349627620121e-01
3.117538610557539780e-01
6.053050461411100258e-01
4.440447959180759963e-01
4.502491083193609911e-01
4.756711883244300054e-01
4.927603890268379971e-01
5.809249756756189598e-01
5.352941200427709934e-01
6.031443726201819455e-01
6.106601630898800259e-01
-1.191864077192090060e-01
1.271047983648080082e-01
1.731862684122739970e-01
1.583624920952499959e-01
6.095944092252200130e-01
6.042260530844699717e-01
6.085260335771940365e-01
6.180480967120930424e-01
5.877109650189109580e-01
5.987905067631149603e-01
5.965970956264600167e-01
5.820633629117090146e-01
6.304278750250239538e-01
6.720978579357179683e-01
6.374897295125110386e-01
5.682017240669949842e-01
4.345689040341990106e-01
5.198279937757189773e-01
1.172712956557639963e-01
2.988530764097069858e-01
2.695129442179159951e-01
6.963563887333320546e-01
6.875289612146340268e-01
6.821450763738320378e-01
7.355988996981800421e-01
7.160033436347990055e-01
6.454222693490919704e-01
7.234556720351860148e-01
6.618126855372610251e-01
6.503075231319359606e-01
6.148972160331349635e-01
6.541765418779610375e-01
6.434526764861869808e-01
6.384892569546369856e-01
6.314437690131720071e-01
7.193312869837269474e-01
6.127838567197360087e-01
6.766936096248670207e-01
6.159500516564010431e-01
6.374897295125110386e-01
5.932860670204570530e-01
6.434526764861869808e-01
3.443922736851109945e-01
5.998830720736879618e-01
7.134905430939419979e-01
6.702458530741239873e-01
6.937269489236469466e-01
5.538830266438740102e-01
5.237464668115640043e-01
4.756711883244300054e-01
1.760912590556809876e-01
5.185139398778869646e-01
5.705429398818979703e-01
-5.686362358410129714e-01
1.818435879447730108e-01
2.278867046136739960e-01
-2.757241303992110093e-01
6.148972160331349635e-01
6.106601630898800259e-01
5.622928644564749723e-01
6.919651027673600074e-01
5.682017240669949842e-01
5.854607295085010321e-01
5.502283530550939883e-01
6.334684555795869754e-01
5.622928644564749723e-01
5.646660642520889839e-01
4.216039268698310027e-01
4.393326938302630214e-01
5.740312677277189524e-01
6.222140229662950217e-01
6.803355134145629979e-01
6.739419986340879909e-01
4.517864355242899865e-01
4.377505628203879895e-01
4.440447959180759963e-01
3.463529744506390062e-01
7.355988996981800421e-01
6.454222693490919704e-01
7.307822756663889807e-01
6.180480967120930424e-01
6.283889300503120445e-01
6.512780139981440009e-01
6.812412373755869499e-01
6.599162000698499675e-01
6.627578316815739834e-01
5.514499979728749723e-01
4.099331233312950018e-01
5.198279937757189773e-01
5.682017240669949842e-01
5.390760987927769587e-01
5.693739096150459700e-01
1.643528557844370075e-01
7.242758696007890462e-01
5.502283530550939883e-01
6.803355134145629979e-01
6.127838567197360087e-01
6.304278750250239538e-01
5.797835966168100041e-01
6.085260335771940365e-01
6.866362692622930419e-01
6.720978579357179683e-01
6.627578316815739834e-01
5.453071164658239711e-01
6.085260335771940365e-01
5.943925503754270423e-01
5.682017240669949842e-01
6.551384348113820089e-01
6.454222693490919704e-01
6.794278966121189978e-01
6.570558528571039947e-01
6.637009253896479777e-01
6.893088591236200546e-01
5.910646070264989893e-01
7.283537820212290237e-01
7.058637122839189759e-01
5.899496013257079507e-01
5.682017240669949842e-01
5.611013836490560402e-01
5.682017240669949842e-01
5.390760987927769587e-01
5.428254269591800130e-01
5.575072019056579453e-01
5.477747053878230243e-01
7.134905430939419979e-01
7.450747915820580269e-01
6.839471307515120335e-01
5.390760987927769587e-01
5.428254269591800130e-01
5.575072019056579453e-01
5.477747053878230243e-01
6.812412373755869499e-01
6.599162000698499675e-01
6.627578316815739834e-01
7.024305364455250000e-01
6.981005456233899675e-01
6.253124509616739823e-01
6.503075231319359606e-01
5.932860670204570530e-01
6.180480967120930424e-01
5.599066250361119934e-01
5.954962218255740458e-01
5.921767573958669484e-01
6.253124509616739823e-01
6.334684555795869754e-01
7.041505168397990122e-01
6.857417386022639505e-01
6.839471307515120335e-01
6.646419755561260301e-01
6.637009253896479777e-01
6.893088591236200546e-01
5.910646070264989893e-01
6.127838567197360087e-01
6.304278750250239538e-01
5.797835966168100041e-01
7.209857441537389500e-01
6.608654780038689669e-01
7.101173651118160013e-01
6.253124509616739823e-01
6.424645202421209733e-01
6.589648426644350021e-01
6.512780139981440009e-01
5.250448070368449738e-01
5.910646070264989893e-01
5.854607295085010321e-01
5.378190950732739672e-01
6.283889300503120445e-01
6.434526764861869808e-01
6.232492903979000021e-01
6.812412373755869499e-01
5.490032620257879747e-01
5.526682161121929671e-01
5.158738437116789921e-01
7.193312869837269474e-01
6.127838567197360087e-01
6.766936096248670207e-01
6.589648426644350021e-01
6.702458530741239873e-01
6.394864892685859781e-01
6.693168805661120491e-01
7.134905430939419979e-01
7.450747915820580269e-01
6.839471307515120335e-01
6.069784035361169838e-02
2.530586526477029974e-02
-1.023729087095589935e-01
4.139268515822509820e-02
5.453071164658239711e-01
6.085260335771940365e-01
5.943925503754270423e-01
5.682017240669949842e-01
5.453071164658239711e-01
6.085260335771940365e-01
5.943925503754270423e-01
5.682017240669949842e-01
7.209857441537389500e-01
6.608654780038689669e-01
7.101173651118160013e-01
2.304489213782739965e-01
1.461280356782380108e-01
1.986570869544229956e-01
5.538830266438740102e-01
5.237464668115640043e-01
4.756711883244300054e-01
5.976951859255119626e-01
6.314437690131720071e-01
6.414741105040999702e-01
6.589648426644350021e-01
5.390760987927769587e-01
5.575072019056579453e-01
5.658478186735179660e-01
5.705429398818979703e-01
7.134905430939419979e-01
6.702458530741239873e-01
6.937269489236469466e-01
4.361626470407560241e-01
4.048337166199379999e-01
3.384564936046050021e-01
3.692158574101430113e-01
4.361626470407560241e-01
4.048337166199379999e-01
3.384564936046050021e-01
3.692158574101430113e-01
7.355988996981800421e-01
6.454222693490919704e-01
7.307822756663889807e-01
2.528530309798929787e-01
7.299742856995560247e-01
7.024305364455250000e-01
7.118072290411909808e-01
6.283889300503120445e-01
6.201360549737580108e-01
6.711728427150830401e-01
6.232492903979000021e-01
5.250448070368449738e-01
5.910646070264989893e-01
5.854607295085010321e-01
5.378190950732739672e-01
7.134905430939419979e-01
6.702458530741239873e-01
6.937269489236469466e-01
7.283537820212290237e-01
7.058637122839189759e-01
5.899496013257079507e-01
6.294095991027189863e-01
6.937269489236469466e-01
5.899496013257079507e-01
6.434526764861869808e-01
3.443922736851109945e-01
5.998830720736879618e-01
6.148972160331349635e-01
6.106601630898800259e-01
5.622928644564749723e-01
6.919651027673600074e-01
7.242758696007890462e-01
5.502283530550939883e-01
6.803355134145629979e-01
6.532125137753439503e-01
6.541765418779610375e-01
6.117233080073419815e-01
6.063813651106050306e-01
6.618126855372610251e-01
6.503075231319359606e-01
6.148972160331349635e-01
6.541765418779610375e-01
6.180480967120930424e-01
6.283889300503120445e-01
6.512780139981440009e-01
5.809249756756189598e-01
5.352941200427709934e-01
6.031443726201819455e-01
6.106601630898800259e-01
6.963563887333320546e-01
6.875289612146340268e-01
6.821450763738320378e-01
7.041505168397990122e-01
6.570558528571039947e-01
6.424645202421209733e-01
6.085260335771940365e-01
6.222140229662950217e-01
6.919651027673600074e-01
6.063813651106050306e-01
5.786392099680720547e-01
6.344772701607319654e-01
6.020599913279619519e-01
5.490032620257879747e-01
6.190933306267429881e-01
6.020599913279619519e-01
5.477747053878230243e-01
7.092699609758309487e-01
6.473829701146199822e-01
6.776069527204929832e-01
6.069784035361169838e-02
2.530586526477029974e-02
-1.023729087095589935e-01
4.139268515822509820e-02
5.390760987927769587e-01
5.428254269591800130e-01
5.575072019056579453e-01
5.477747053878230243e-01
5.976951859255119626e-01
6.314437690131720071e-01
6.414741105040999702e-01
6.589648426644350021e-01
6.304278750250239538e-01
6.720978579357179683e-01
6.374897295125110386e-01
7.084209001347130386e-01
6.884198220027110127e-01
6.981005456233899675e-01
7.075701760979360433e-01
1.760912590556809876e-01
5.185139398778869646e-01
5.705429398818979703e-01
-8.773924307505150469e-03
1.703333929878040123e-02
4.532297878665750290e-02
