0.0
0.0
0.00775203287895374
0.0
0.0
0.0
0.0
0.05691117292631638
0.0
0.007752032878953828
0.0
0.031008131515815135
0.0
0.0
0.0
0.0
0.0
0.0
0.0
0.0
0.0
0.0
0.0
0.0
0.0
0.0
0.0
0.0
0.0
0.0
0.0
0.0
0.0
0.0039024219763195383
0.0
0.0
0.0
0.0
0.0
0.010416241829863782
0.0
0.0
0.0
0.0
0.0015674174314136325
0.0
0.013126109579831543
0.0
0.0
0.0
0.0
0.014766873277310485
0.0
0.0
0.0
0.0
0.0
0.012304216926585263
0.0
0.0
0.0
0.0
0.0
0.0
0.010416241829863782
0.0
0.0
0.0
0.0
0.0
0.0
0.0226547645723641
0.0
0.0
0.0
0.0
0.0
0.0
0.0
0.0
0.022654764572364254
0.0
0.0
0.0
0.0
0.0
0.0
0.0
0.0
0.0
0.0015674174314136325
0.0
0.0
0.005338350702795104
0.002347887655305445
0.0
0.0
0.0039024219763195383
0.0
0.0
0.0
0.0
0.0
0.0
0.0
0.0
0.0
0.014766873277310485
0.0
0.0
0.0
0.0
0.0
0.0
0.0
0.0
0.0
0.05691117292631638
0.0015674174314136325
0.0
0.0
0.0226547645723641
0.15137984211840713
0.0
0.04536234021841376
0.0018987882819590065
0.0
0.002347887655305445
0.0039024219763195383
0.0
0.0
0.0
0.0
0.0
0.007752032878953828
0.0
0.0
0.039589062625475416
0.0
0.0
0.00775203287895374
0.005338350702795104
0.0
0.031008131515815135
0.0
0.0
0.0
0.0
0.0
0.0039024219763195383
0.0
0.0
0.0
0.0
0.0
0.0
0.0
0.0
0.014766873277310485
0.0
0.013126109579831543
0.031008131515815135
0.0
0.010416241829863782
0.0
0.039589062625475416
0.0
0.039589062625475416
0.0
0.0
0.0
0.003902421976319542
0.0
0.0
0.0
0.0
0.0
0.0
0.0
0.0
0.0
0.0
0.002347887655305445
0.010416241829863782
0.0
0.0
0.0
0.0
0.00775203287895374
0.0
0.0
0.0
0.0
0.0015674174314136325
0.007752032878953828
0.0
0.0
0.0039024219763195383
0.0015674174314136325
0.0
0.0
0.0
0.0
0.0
0.0
0.0
0.0
0.010416241829863782
0.0
0.0
0.0
0.0
0.0
0.0
0.0
0.0
0.0
0.0
