9.030899869919439826e-01
8.450980400142570348e-01
8.661968799114845297e-01
6.020599913279619519e-01
8.450980400142570348e-01
7.781512503836439665e-01
6.020599913279619519e-01
7.156818820794934588e-01
9.030899869919439826e-01
6.901056208558029592e-01
6.989700043360189685e-01
7.781512503836434114e-01
4.771212547196619913e-01
6.989700043360189685e-01
3.010299956639809760e-01
6.020599913279619519e-01
4.771212547196619913e-01
6.020599913279619519e-01
7.781512503836439665e-01
4.771212547196619913e-01
7.781512503836439665e-01
6.020599913279619519e-01
7.781512503836439665e-01
7.781512503836439665e-01
6.989700043360189685e-01
7.781512503836439665e-01
9.030899869919439826e-01
9.030899869919439826e-01
8.450980400142570348e-01
4.771212547196619913e-01
9.542425094393249818e-01
9.542425094393249818e-01
4.771212547196619913e-01
5.395906230238119994e-01
4.771212547196619913e-01
7.781512503836439665e-01
6.020599913279619519e-01
6.020599913279619519e-01
8.450980400142570348e-01
8.010299956639814756e-01
6.989700043360189685e-01
8.450980400142570348e-01
6.020599913279619519e-01
3.010299956639809760e-01
7.385606273598315230e-01
6.020599913279619519e-01
6.830726742233936832e-01
6.020599913279619519e-01
9.542425094393249818e-01
6.020599913279619519e-01
6.989700043360189685e-01
7.235790156711094934e-01
1.000000000000000000e+00
7.781512503836439665e-01
6.020599913279619519e-01
1.146128035678239954e+00
6.020599913279619519e-01
5.880456295278404522e-01
7.781512503836439665e-01
6.989700043360189685e-01
6.989700043360189685e-01
9.542425094393249818e-01
3.010299956639809760e-01
6.020599913279619519e-01
8.010299956639814756e-01
9.030899869919439826e-01
6.020599913279619519e-01
0.000000000000000000e+00
1.146128035678239954e+00
4.771212547196619913e-01
4.771212547196619913e-01
4.515449934959714362e-01
9.030899869919439826e-01
6.020599913279619519e-01
8.450980400142570348e-01
3.010299956639809760e-01
3.010299956639809760e-01
3.010299956639809760e-01
6.989700043360189685e-01
8.450980400142570348e-01
6.276362525516530066e-01
7.781512503836439665e-01
4.771212547196619913e-01
8.450980400142570348e-01
7.781512503836439665e-01
9.542425094393249818e-01
9.030899869919439826e-01
4.771212547196619913e-01
9.030899869919439826e-01
6.989700043360189685e-01
7.385606273598315230e-01
9.030899869919439826e-01
6.020599913279619519e-01
7.720340221751380572e-01
6.505149978319904047e-01
1.000000000000000000e+00
8.450980400142570348e-01
5.395906230238119994e-01
9.030899869919439826e-01
7.781512503836439665e-01
6.989700043360189685e-01
1.000000000000000000e+00
6.989700043360189685e-01
1.041392685158230025e+00
7.781512503836439665e-01
9.542425094393249818e-01
8.450980400142570348e-01
7.235790156711094934e-01
1.079181246047620002e+00
6.989700043360189685e-01
6.020599913279619519e-01
7.781512503836439665e-01
6.989700043360189685e-01
3.010299956639809760e-01
1.113943352306840051e+00
8.450980400142570348e-01
3.010299956639809760e-01
7.156818820794934588e-01
7.385606273598315230e-01
9.030899869919439826e-01
6.989700043360189685e-01
4.515449934959714362e-01
3.890756251918219832e-01
8.450980400142570348e-01
6.901056208558029592e-01
9.978175972987775033e-01
7.781512503836439665e-01
6.505149978319904047e-01
5.395906230238119994e-01
6.020599913279619519e-01
6.989700043360189685e-01
6.989700043360189685e-01
7.781512503836439665e-01
8.450980400142570348e-01
6.901056208558029592e-01
4.771212547196619913e-01
6.020599913279619519e-01
5.000000000000000000e-01
4.771212547196619913e-01
7.781512503836439665e-01
8.661968799114845297e-01
7.720340221751380572e-01
6.020599913279619519e-01
7.781512503836434114e-01
8.450980400142570348e-01
6.020599913279619519e-01
6.020599913279619519e-01
8.450980400142570348e-01
6.020599913279619519e-01
5.395906230238119994e-01
7.781512503836439665e-01
4.771212547196619913e-01
6.989700043360189685e-01
7.781512503836439665e-01
9.030899869919439826e-01
6.020599913279619519e-01
6.989700043360189685e-01
4.771212547196619913e-01
7.235790156711094934e-01
4.771212547196619913e-01
6.830726742233936832e-01
7.781512503836434114e-01
8.450980400142570348e-01
8.010299956639814756e-01
9.030899869919439826e-01
5.000000000000000000e-01
7.781512503836439665e-01
5.000000000000000000e-01
6.989700043360189685e-01
9.030899869919439826e-01
4.771212547196619913e-01
8.406206186877940301e-01
8.450980400142570348e-01
1.041392685158230025e+00
8.450980400142570348e-01
4.771212547196619913e-01
6.020599913279619519e-01
3.010299956639809760e-01
1.000000000000000000e+00
9.030899869919439826e-01
1.000000000000000000e+00
9.030899869919439826e-01
6.505149978319904047e-01
8.010299956639814756e-01
6.020599913279619519e-01
4.771212547196619913e-01
6.020599913279619519e-01
3.010299956639809760e-01
8.661968799114845297e-01
0.000000000000000000e+00
3.010299956639809760e-01
6.020599913279619519e-01
7.781512503836439665e-01
7.385606273598315230e-01
6.901056208558029592e-01
6.020599913279619519e-01
6.989700043360189685e-01
5.395906230238119994e-01
7.385606273598315230e-01
7.781512503836439665e-01
4.771212547196619913e-01
6.989700043360189685e-01
6.989700043360189685e-01
6.989700043360189685e-01
3.010299956639809760e-01
6.020599913279619519e-01
6.020599913279619519e-01
8.010299956639814756e-01
6.989700043360189685e-01
6.989700043360189685e-01
6.020599913279619519e-01
4.771212547196619913e-01
8.450980400142570348e-01
6.989700043360189685e-01
9.030899869919439826e-01
6.020599913279619519e-01
3.010299956639809760e-01
9.542425094393249818e-01
