0.01686918156292164
0.06169188696695479
0.016406207895951493
0.0
0.00334105904706609
0.0005226015529434365
0.024377881524002776
0.027764946012935256
0.0
0.008451670546492073
0.003417641419637345
0.014703089824107072
0.48551034636577006
0.05342935318402474
0.00473091387631556
0.0
0.03527386332026393
0.0
0.03580735441028936
0.004989073222148845
0.055539979365307614
0.018359047697015355
0.1859818606940701
0.12152569792005818
0.012946146601543917
0.06787428698604286
0.017033236012052404
0.0
0.3406047071002733
0.018229564368750686
0.0
0.014703089824107072
0.0391663251936775
0.016406207895951493
0.0025341688282118076
0.0
0.00025616418990035284
0.005977351224084845
0.01091735708376306
0.0046602024821250036
0.0
0.015079049312153923
0.0
0.0012856868766102777
0.016505676782705567
0.042939096547841046
0.014703089824107072
0.027764946012935256
0.06088121081726442
0.0019732739194240796
0.11528096387735728
1.5224657998936756e-06
0.0
0.05550324650628651
0.00016388173573607444
0.002264630522504339
0.05423567968372812
0.5124266500881883
0.010173827059458107
0.017033236012052404
0.0049442652781448646
0.05647813931971866
0.04536164258496463
0.3406047071002733
0.008451670546492073
0.0005748196976080891
0.007590869455034992
0.1859818606940701
0.07307931363731719
0.01634601089145975
0.018229564368750686
0.0
0.01091735708376306
0.0
0.055539979365307614
0.2460229847190905
0.4383272738138089
0.003417641419637345
0.01686918156292164
0.0
0.0034273880356965043
0.012946146601543917
0.012460146180460756
0.019364630243590423
9.603052863818873e-05
0.0
0.02712968947577655
0.0022691417535694496
0.004989073222148845
0.002999153616671255
0.0
0.0
0.009254462390966419
0.00025616418990035284
0.06787428698604286
0.06169188696695479
0.0397100281872498
0.0004955137297355648
0.0
0.016717140864271802
0.007821997809527765
0.0027897595024647948
0.0391663251936775
0.018359047697015355
0.07389876915585612
0.05164613463421882
0.028532449778423428
0.0157124983368563
0.01888660166804591
0.018905366092860764
0.03824722078943132
0.32182816687065124
0.0007916965144513291
0.0025341688282118076
0.02425546517886213
0.016406207895951493
0.0
0.0
0.013799887104837516
0.04970329545345626
0.03580735441028936
0.06604331119119726
0.16186935819355602
0.020322091013487427
0.03260908925166865
0.025569327825904455
0.03254565540034249
0.006464343954542225
0.05047718261856251
0.2342356563798006
0.0
0.0
0.003161768127272353
0.0067566677145929925
0.12152569792005818
0.2282320502026463
0.0
0.01886783438404951
0.013654438785258452
0.017426305702543044
0.48551034636577006
0.03345031530859368
0.013799550612904539
0.05342935318402474
0.0017572264223482492
0.0003008027870338448
0.007279788570664688
0.030675279653901155
0.00900088606494458
0.0
0.024880316613699605
0.26373383647658716
0.07330928296521258
0.0
0.015450863858113631
0.024377881524002776
0.013982552895578248
0.13775502934967088
0.11462105805260114
0.0009443852666292729
0.0
0.00334105904706609
0.00473091387631556
0.0
2.259618087942228e-05
0.03496211486754128
0.0009406014087071203
0.0
0.005977351224084845
0.0005226015529434365
0.0007852346802260664
0.03257505854693091
0.03527386332026393
0.11528096387735728
0.03257505854693091
0.024377881524002776
0.0004955137297355648
0.0
0.00186515505495816
0.0
0.0
0.0019732739194240796
0.0012856868766102777
0.07389876915585612
0.042939096547841046
0.002946711522355685
0.0
0.006464343954542225
0.0397100281872498
0.05423567968372812
0.03527386332026393
0.0
0.0
0.0007916965144513291
0.2460229847190905
0.4383272738138089
0.03496211486754128
0.3406047071002733
0.03496211486754128
0.0019732739194240796
0.4383272738138089
0.0397100281872498
0.02871865304436815
0.03254565540034249
0.06604331119119726
0.0027897595024647948
0.012946146601543917
0.1859818606940701
0.0
0.04970329545345626
0.013799550612904539
9.603052863818873e-05
0.04536164258496463
9.603052863818873e-05
0.017426305702543044
0.07330928296521258
0.013982552895578248
0.06088121081726442
0.016505676782705567
0.01886783438404951
0.025569327825904455
0.018359047697015355
0.042939096547841046
0.0
0.008451670546492073
0.0005226015529434365
0.0
0.03260908925166865
0.004989073222148845
0.0
0.26373383647658716
0.03345031530859368
0.00473091387631556
0.002264630522504339
0.03580735441028936
0.015450863858113631
0.028532449778423428
0.0
0.0
0.0
0.13775502934967088
0.018229564368750686
0.05550324650628651
0.017033236012052404
0.2342356563798006
0.5124266500881883
0.2460229847190905
0.2282320502026463
0.11462105805260114
0.03257505854693091
0.012946146601543917
0.0025341688282118076
0.0049442652781448646
0.05342935318402474
0.003417641419637345
0.003161768127272353
0.01091735708376306
