2.159488729165713661e+00
1.928251889318425949e+00
2.284459479399243875e+00
2.188394071261429819e+00
2.480834666378695097e+00
3.110847642359185095e+00
2.993456165370850020e+00
2.042754297679211906e+00
3.000542529092289801e+00
2.908689458872800060e+00
3.086686065869959972e+00
2.611973076337120059e+00
2.609592117519205168e+00
2.917951848752170285e+00
3.047071743333989780e+00
3.261015309886170055e+00
2.923733167965292257e+00
2.791016583854359911e+00
3.208372694045070528e+00
3.213239552225148010e+00
2.898814603567833270e+00
2.917956053844580122e+00
2.596619193487325283e+00
2.707605588664585117e+00
2.905085728503975062e+00
3.194455378450817395e+00
2.935722389512729791e+00
3.073744004114780104e+00
2.555280595008021294e+00
2.756743497445540036e+00
3.040890982763340133e+00
2.611973076337120059e+00
2.561385194291950107e+00
2.284459479399243875e+00
2.841687254330429901e+00
3.361931717736259984e+00
2.358339743627556828e+00
2.365338866865440259e+00
2.163851554096731356e+00
2.651267367392065033e+00
2.942657767667240076e+00
2.945500838857077142e+00
3.361931717736259984e+00
2.973479669231089861e+00
2.647514459381439700e+00
2.758435659951595120e+00
2.611973076337120059e+00
2.042754297679211906e+00
2.764311245903476877e+00
2.875670457929849988e+00
2.717066036793022388e+00
2.691084161850015199e+00
3.000633607522559920e+00
2.850319795237179932e+00
2.704952063012339813e+00
2.865886624228674684e+00
2.975844268844522578e+00
2.624394832282479939e+00
2.259642690843885582e+00
2.935722389512729791e+00
3.018479437378164931e+00
2.850435154464395104e+00
3.060829504048134808e+00
2.555280595008021294e+00
2.908689458872800060e+00
2.549255233711462232e+00
2.255143245884857706e+00
2.596619193487325283e+00
2.864259679151500038e+00
2.204665685682079879e+00
2.756743497445540036e+00
2.986820981363639937e+00
2.163851554096731356e+00
2.938199389936519967e+00
2.898814603567833270e+00
2.368686049047533881e+00
2.440110928554342973e+00
3.086686065869959972e+00
2.159488729165713661e+00
2.816241299991780078e+00
2.158785842272576083e+00
2.905085728503975062e+00
3.036746232447760097e+00
3.003681678423479884e+00
2.778962597137720092e+00
2.523408261608940162e+00
2.015197988904568582e+00
2.966817501083450104e+00
3.213239552225148010e+00
2.676864521557814847e+00
3.090332134217169902e+00
2.967772553220460185e+00
2.832652063573426915e+00
2.358339743627556828e+00
3.194455378450817395e+00
1.928251889318425949e+00
2.872755448950635060e+00
2.837964038864519978e+00
3.073744004114780104e+00
2.340060873707861422e+00
2.198726677091690007e+00
2.403908872106546468e+00
2.561385194291950107e+00
2.917956053844580122e+00
2.724483620001326489e+00
2.342266689596992357e+00
2.946969729736003796e+00
2.260153870669124654e+00
3.192703479774714914e+00
2.603872740740636793e+00
3.058988620024669647e+00
2.133854340992059839e+00
3.212768919777480026e+00
2.841687254330429901e+00
2.919790701346125061e+00
2.284459479399243875e+00
3.000542529092289801e+00
2.188394071261429819e+00
3.035638517565766303e+00
2.778038463815420300e+00
3.208372694045070528e+00
2.071761447767608288e+00
2.987249761790249813e+00
2.200637889776495104e+00
1.935431672460488084e+00
3.083347600780853792e+00
1.992200727471791222e+00
2.882561447134538213e+00
2.236045973709530177e+00
2.254568881773453271e+00
3.261015309886170055e+00
2.612900359123790039e+00
2.347354148489454673e+00
2.645860332196900089e+00
2.707605588664585117e+00
2.780403732523912375e+00
3.159738591439579913e+00
3.095774632882057009e+00
2.355723632494792330e+00
2.937903682120380111e+00
2.609592117519205168e+00
2.833936923952821374e+00
2.955592910962079767e+00
2.917951848752170285e+00
2.600722591777082648e+00
2.807361273969804838e+00
3.051050046465524801e+00
2.812142717263069969e+00
2.960486216217875111e+00
2.322839272686319845e+00
2.172336040330120177e+00
2.362127227354084091e+00
2.813380057956977875e+00
2.188394071261429819e+00
2.467375138296739934e+00
2.993456165370850020e+00
3.013044995130723436e+00
2.770520943960295135e+00
2.814015897171587177e+00
2.832984480501430369e+00
2.188394071261429819e+00
2.480834666378695097e+00
3.047071743333989780e+00
2.791016583854359911e+00
2.865743999555815158e+00
3.030996991809983054e+00
3.220961695560125015e+00
3.040890982763340133e+00
2.365338866865440259e+00
3.110847642359185095e+00
3.160051068635994831e+00
2.805169843828950071e+00
2.923733167965292257e+00
2.717066036793022388e+00
2.805169843828950071e+00
2.993456165370850020e+00
2.837964038864519978e+00
3.000633607522559920e+00
3.156085201805837848e+00
3.040890982763340133e+00
2.791016583854359911e+00
2.875670457929849988e+00
2.973479669231089861e+00
2.724483620001326489e+00
2.758435659951595120e+00
2.956770606093039877e+00
2.942657767667240076e+00
2.882561447134538213e+00
2.872755448950635060e+00
2.975844268844522578e+00
2.923733167965292257e+00
2.967772553220460185e+00
2.188394071261429819e+00
3.212768919777480026e+00
2.368686049047533881e+00
2.440110928554342973e+00
3.030996991809983054e+00
2.555280595008021294e+00
3.030996991809983054e+00
2.875670457929849988e+00
2.440110928554342973e+00
2.872755448950635060e+00
2.342407464550090079e+00
1.992200727471791222e+00
2.071761447767608288e+00
2.403908872106546468e+00
2.905085728503975062e+00
2.596619193487325283e+00
3.159738591439579913e+00
2.778038463815420300e+00
2.955592910962079767e+00
2.778962597137720092e+00
3.060829504048134808e+00
2.778962597137720092e+00
2.937903682120380111e+00
2.813380057956977875e+00
3.013044995130723436e+00
2.764311245903476877e+00
2.647514459381439700e+00
3.095774632882057009e+00
3.083347600780853792e+00
2.917956053844580122e+00
2.758435659951595120e+00
3.159738591439579913e+00
2.908689458872800060e+00
3.110847642359185095e+00
2.816241299991780078e+00
1.935431672460488084e+00
3.213239552225148010e+00
2.612900359123790039e+00
2.362127227354084091e+00
2.833936923952821374e+00
3.047071743333989780e+00
2.865886624228674684e+00
3.208372694045070528e+00
2.467375138296739934e+00
2.946969729736003796e+00
3.000542529092289801e+00
3.361931717736259984e+00
3.090332134217169902e+00
2.770520943960295135e+00
2.756743497445540036e+00
2.850319795237179932e+00
2.935722389512729791e+00
2.254568881773453271e+00
2.624394832282479939e+00
2.368686049047533881e+00
2.780403732523912375e+00
2.814015897171587177e+00
2.805169843828950071e+00
2.905085728503975062e+00
2.841687254330429901e+00
3.018479437378164931e+00
2.917951848752170285e+00
3.086686065869959972e+00
2.347354148489454673e+00
2.163851554096731356e+00
