31
46
53
73
84
96
100
112
123
155
164
178
180
181
212
224
228
230
236
249
269
275
289
294
296
304
305
310
344
355
360
364
365
390
402
403
404
424
433
435
444
448
449
485
488
493
494
499
507
513
517
520
539
540
556
592
602
611
621
644
663
666
689
691
705
708
731
744
751
761
764
771
791
793
803
805
809
811
821
822
824
855
858
874
880
894
902
916
920
926
928
930
932
941
957
963
975
977
979
985
992
993
995
1015
1016
1021
1033
1040
1044
1048
1056
1059
1063
1064
1069
1083
1104
1140
1145
1146
1158
1166
1171
1173
1188
1207
1208
1213
1228
1230
1232
1253
1259
1285
1286
1292
1294
1301
1318
1319
1330
1337
1342
1363
1364
1371
1372
1383
1399
1409
1418
1429
1435
1446
1467
1473
1480
1497
1532
1535
1538
1545
1554
1560
1563
1565
1576
1583
1586
1593
1597
1604
1633
1647
1668
1677
1682
1686
1694
1700
1701
1706
1708
1715
1717
1719
1727
1736
1740
1765
1766
1832
1862
1865
1885
1907
1912
1915
1916
1934
1941
1943
1944
1946
1961
1962
1967
1969
1983
1988
1998
2002
2020
2023
2035
2041
2043
2045
2058
2063
2077
2107
2146
2161
2163
2167
2191
2194
2195
2202
2223
2231
2248
2263
2275
2277
2283
2291
2298
2324
2334
2337
2339
2353
2369
2382
2384
2385
2402
2409
2416
2422
2427
2449
2454
2463
2478
2494
2498
2506
2516
2526
2535
2553
2555
2587
2594
2617
2623
2625
2644
2654
2658
2659
2668
2670
2678
2682
2687
2689
2695
2697
