0 1 2 3 4 5 |PI656015|1.5833333333333333
6 7 8 9 10 11 |PI642998|0.5555555555555556
12 13 14 15 16 17 |PI330196|4.666666666666667
18 19 20 21 22 23 |PI452692|0.5555555555555555
24 25 26 27 28 29 |PI533998|0.8055555555555557
30 31 32 |PI329333|0.22222222222222224
33 34 35 36 |PI329351|10.25
37 38 39 40 41 42 |PI542718|9.472222222222221
43 44 45 |PI329403|4.666666666666667
46 47 48 49 50 51 |PI329617|1.5555555555555554
52 53 54 |PI570393|0.8888888888888888
55 56 57 58 59 60 |PI563329|4.583333333333333
61 62 63 |PI562994|0.6666666666666666
64 65 66 67 68 69 70 |PI329570|0.24489795918367346
71 72 73 |PI329710|2.8888888888888893
74 75 76 77 78 79 |PI619838|6.0
80 81 82 |PI329702|0.6666666666666666
83 84 85 86 |PI563009|1.6875
87 88 89 |PI156268|2.888888888888889
90 91 92 93 |PI330167|0.6875
94 95 96 |PI570145|1.5555555555555554
97 98 99 100 101 102 |PI329569|0.8888888888888888
103 104 105 |PI569886|2.0
106 107 108 |PI563330|0.888888888888889
109 110 111 112 |PI329605|0.25
113 114 115 |PI562991|1.5555555555555554
116 117 118 119 |PI655983|1.1875
120 121 122 123 124 125 |PI656015|1.5833333333333333
126 127 128 129 130 131 |PI329584|7.333333333333333
132 133 134 |PI329510|1.5555555555555554
135 136 137 |PI564163|0.2222222222222222
138 139 140 |PI251672|2.888888888888889
141 142 143 |PI513898|0.22222222222222224
144 145 146 147 148 149 150 |PI569423|1.2653061224489794
151 152 153 |PI329510|1.5555555555555554
154 155 156 157 |PI562971|3.25
158 159 160 161 |PI563348|1.0
162 163 164 165 |PI167093|0.25
166 167 168 169 170 171 |PI533998|0.8055555555555557
172 173 174 175 176 177 178 |PI329301|4.53061224489796
179 180 181 182 183 184 |PI521290|3.8888888888888893
185 186 187 |PI585577|2.888888888888889
188 189 190 |PI569460|0.22222222222222224
191 192 193 |PI562981|0.22222222222222224
194 195 196 197 |PI585461|2.1875
198 199 200 201 202 203 |PI569427|3.472222222222222
204 205 206 207 |PI563196|1.0
208 209 210 211 212 213 214 215 216 217 |PI154844|3.0
218 219 220 |PI330181|0.8888888888888888
221 222 223 |PI535792|0.2222222222222222
224 225 226 227 228 229 |PI329569|0.8888888888888888
230 231 232 |PI330185|0.8888888888888888
233 234 235 236 237 238 |PI152694|1.1388888888888888
239 240 241 |PI330168|4.222222222222222
242 243 244 |PI563330|0.888888888888889
245 246 247 248 |PI155149|3.6875
249 250 251 |PI550604|11.555555555555555
252 253 254 255 |PI563009|1.6875
256 257 258 259 260 261 262 |PI156487|1.3877551020408163
263 264 265 |PI535793|4.222222222222222
266 267 268 269 |PI329605|0.25
270 271 272 |PI535785|0.888888888888889
273 274 275 |PI564163|0.2222222222222222
276 277 278 |PI569453|0.0
279 280 281 282 283 284 |PI619838|6.0
285 286 287 288 289 |PI534165|2.6399999999999997
290 291 292 |PI562970|4.666666666666667
293 294 295 296 |PI329351|10.25
297 298 299 |PI329440|0.888888888888889
300 301 302 |PI526905|9.555555555555555
303 304 305 306 |PI330167|0.6875
307 308 309 310 |PI255744|0.5
311 312 313 314 315 316 317 |PI156203|0.7755102040816327
318 319 320 321 |PI35038|0.25
322 323 324 |PI570031|1.5555555555555554
325 326 327 |PI181899|1.5555555555555554
328 329 330 |PI569446|0.8888888888888888
331 332 333 |PI329710|2.8888888888888893
334 335 336 337 |PI569447|1.6875
338 339 340 |PI329673|0.6666666666666666
341 342 343 |PI455217|3.5555555555555554
344 345 346 347 348 349 350 |PI569443|1.2653061224489797
351 352 353 |PI570145|1.5555555555555554
354 355 356 |PI562732|0.22222222222222224
357 358 359 360 |PI562730|0.6875
361 362 363 |PI569886|2.0
364 365 366 367 368 369 370 371 372 |PI297155|1.0617283950617287
373 374 375 376 |PI197542|1.6875
377 378 379 380 |PI655983|1.1875
381 382 383 |PI329702|0.6666666666666666
384 385 386 |PI452544|2.888888888888889
387 388 389 |PI561840|3.5555555555555554
390 391 392 393 394 395 396 |PI329665|2.5306122448979593
397 398 399 400 401 402 403 |PI593916|0.40816326530612246
404 405 406 |PI152963|0.22222222222222224
407 408 409 410 411 412 |PI569421|3.4722222222222228
413 414 415 416 417 418 419 |PI156393|1.1428571428571428
420 421 422 |PI157804|1.5555555555555556
423 424 425 426 427 428 |PI329584|7.333333333333333
429 430 431 432 433 434 |PI570109|0.888888888888889
435 436 437 438 439 440 |PI656015|1.5833333333333333
441 442 443 |PI329333|0.22222222222222224
444 445 446 447 448 449 450 |PI196049|0.7755102040816328
451 452 453 |PI569148|8.666666666666666
454 455 456 457 458 459 460 |PI329570|0.24489795918367346
461 462 463 |PI576399|6.0
464 465 466 467 468 469 |PI569452|1.0
470 471 472 |PI181083|2.888888888888889
473 474 |PI533792|0.0
475 476 477 478 479 480 |PI563332|4.222222222222222
481 482 483 |PI540518|4.222222222222222
484 |PI330182|0.0
485 486 487 |PI570393|0.8888888888888888
488 489 490 |PI329465|0.22222222222222224
491 492 493 |PI156268|2.888888888888889
494 495 496 |PI329310|2.0
497 498 499 |PI330169|0.6666666666666666
500 501 502 |PI535794|10.888888888888888
503 504 505 |PI653616|2.888888888888889
506 |PI329394|0.0
507 508 509 |PI329501|9.555555555555555
510 511 512 513 514 515 |PI542718|9.472222222222221
516 517 518 519 520 521 522 |PI569097|5.428571428571429
523 524 525 |PI329403|4.666666666666667
526 527 528 |PI300119|0.22222222222222224
529 530 531 532 533 534 |PI569422|0.8888888888888888
535 536 537 538 539 540 |PI156018|2.472222222222222
541 542 543 544 |PI196586|0.6875
545 546 547 548 549 550 |PI643016|2.9166666666666665
551 552 553 554 555 556 557 |PI92270|1.6326530612244896
558 559 560 |PI329519|0.6666666666666666
561 562 563 564 565 566 |PI329841|1.1388888888888886
567 568 569 570 571 572 |PI329843|0.25
573 574 575 576 577 578 |PI452692|0.5555555555555555
579 580 581 |PI329256|1.5555555555555554
582 583 584 |PI329511|0.22222222222222224
585 586 587 588 |PI570073|0.75
589 590 591 592 593 594 |PI642998|0.5555555555555556
595 596 597 598 599 600 |PI329617|1.5555555555555554
601 602 603 |PI562994|0.6666666666666666
604 605 606 607 |PI570076|0.5
608 609 610 611 612 613 614 |PI562985|3.387755102040817
615 616 617 618 |PI152860|1.6875
619 620 621 |PI562991|1.5555555555555554
622 623 624 625 626 627 |PI330196|4.666666666666667
628 629 630 631 632 633 |PI152728|1.8888888888888886
634 635 636 637 |PI563002|1.0
638 639 640 641 642 643 |PI563329|4.583333333333333
644 645 646 |PI585577|2.888888888888889
647 648 649 650 |PI563002|1.0
651 652 653 654 655 656 |PI452692|0.5555555555555555
657 658 659 660 |PI562730|0.6875
661 662 663 |PI562981|0.22222222222222224
664 665 666 667 668 669 670 671 |PI505735|2.359375
672 673 674 |PI562991|1.5555555555555554
675 676 677 |PI562994|0.6666666666666666
678 679 680 681 682 683 |PI521290|3.8888888888888893
684 685 686 687 |PI562971|3.25
688 689 690 |PI452544|2.888888888888889
691 692 693 694 |PI167093|0.25
695 696 697 698 |PI152727|0.25
699 700 701 |PI513898|0.22222222222222224
702 703 704 705 706 707 |PI563332|4.222222222222222
708 709 710 |PI562732|0.22222222222222224
711 712 713 714 715 716 717 718 719 720 |PI154844|3.0
721 722 723 724 725 726 |PI563329|4.583333333333333
727 728 729 |PI455217|3.5555555555555554
730 731 732 733 734 |PI534165|2.6399999999999997
735 736 737 |PI562970|4.666666666666667
738 739 740 741 742 743 744 |PI562985|3.387755102040817
745 746 747 |PI563330|0.888888888888889
748 749 750 751 752 753 754 |PI562985|3.387755102040817
755 756 757 758 759 760 |PI521290|3.8888888888888893
761 762 763 |PI562970|4.666666666666667
764 765 766 |PI562732|0.22222222222222224
767 768 769 770 771 772 |PI52606|6.666666666666667
773 774 |PI533792|0.0
775 776 777 |PI576399|6.0
778 779 780 |PI653616|2.888888888888889
781 782 783 784 |PI330167|0.6875
785 786 787 788 |PI563009|1.6875
789 790 791 |PI330169|0.6666666666666666
792 793 794 |PI569148|8.666666666666666
795 796 797 798 |PI35038|0.25
799 800 801 |PI330168|4.222222222222222
802 803 804 805 |PI35038|0.25
806 |PI329394|0.0
807 808 809 810 811 812 |PI329841|1.1388888888888886
813 814 815 816 817 818 819 |PI329301|4.53061224489796
820 821 822 823 |PI563348|1.0
824 825 826 |PI329702|0.6666666666666666
827 828 829 830 |PI167093|0.25
831 832 833 |PI330169|0.6666666666666666
834 835 836 837 838 839 |PI330196|4.666666666666667
840 841 842 |PI329440|0.888888888888889
843 844 845 |PI329710|2.8888888888888893
846 847 848 |PI329465|0.22222222222222224
849 850 851 |PI329519|0.6666666666666666
852 853 854 855 856 857 858 |PI569097|5.428571428571429
859 860 861 862 863 864 |PI329617|1.5555555555555554
865 866 867 868 |PI563196|1.0
869 870 871 872 873 874 875 |PI329570|0.24489795918367346
876 877 878 879 880 881 |PI329843|0.25
882 883 884 885 886 887 888 |PI329665|2.5306122448979593
889 890 891 |PI329333|0.22222222222222224
892 893 894 |PI329510|1.5555555555555554
895 896 897 |PI329673|0.6666666666666666
898 899 900 |PI329256|1.5555555555555554
901 902 903 904 |PI329605|0.25
905 906 907 908 |PI585461|2.1875
909 910 911 912 913 914 |PI329569|0.8888888888888888
915 |PI330182|0.0
916 917 918 |PI330181|0.8888888888888888
919 920 921 922 923 |PI534165|2.6399999999999997
924 925 926 |PI329310|2.0
927 928 929 |PI329511|0.22222222222222224
930 931 932 933 |PI563002|1.0
934 935 936 937 |PI330167|0.6875
938 939 940 941 942 943 |PI329584|7.333333333333333
944 945 946 |PI330185|0.8888888888888888
947 948 949 |PI329403|4.666666666666667
950 951 952 953 |PI329351|10.25
954 955 956 |PI329501|9.555555555555555
957 958 959 |PI564163|0.2222222222222222
