0 1 |PI656015|0.00622836727234699
2 3 |PI642998|0.03286068767549255
4 5 |PI330196|0.04574147450092823
6 7 |PI452692|0.006566033156242504
8 9 |PI533998|0.01053281391148192
10 11 |PI329333|0.00022554901134907215
12 13 |PI329351|0.0003449871324227127
14 15 16 |PI542718|0.022790126383319755
17 18 |PI329617|0.03931688537153983
19 20 |PI570393|0.004238298616917235
21 22 |PI563329|8.743500959555812e-05
23 24 |PI562994|0.0025622858145934258
25 26 |PI329570|0.0031668931119007513
27 |PI619838|0.0
28 29 |PI563009|0.004003354569412664
30 31 |PI330167|0.0011373115433678399
32 33 |PI329569|0.010816081029569857
34 35 |PI569886|0.0033272921536205294
36 37 |PI329605|0.00039898170634146293
38 39 |PI562991|0.009573415307752069
40 41 |PI655983|0.011773185859844803
42 43 |PI656015|0.00622836727234699
44 45 |PI329584|0.029706446727009096
46 47 |PI329510|0.000384933890320514
48 49 |PI564163|0.00266760546761676
50 51 |PI513898|0.019984650057713486
52 53 |PI569423|0.03372697489561524
54 55 |PI329510|0.000384933890320514
56 57 |PI562971|0.008937918343626072
58 59 |PI563348|0.006246264368473343
60 61 |PI167093|0.007523236296486512
62 63 |PI533998|0.01053281391148192
64 65 |PI329301|0.001446844954878476
66 67 |PI521290|0.048372963268244445
68 69 |PI569460|0.006180218468491055
70 71 |PI562981|0.0026966366506951207
72 73 |PI585461|0.006412557131735077
74 75 |PI569427|0.05606388346073379
76 77 |PI563196|0.002412356657274508
78 79 |PI154844|0.001352710603078809
80 |PI535792|0.0
81 82 |PI329569|0.010816081029569857
83 84 |PI152694|0.027617051791713358
85 |PI155149|0.0
86 87 |PI563009|0.004003354569412664
88 89 |PI156487|0.03223049298816451
90 |PI535793|0.0
91 92 |PI329605|0.00039898170634146293
93 94 |PI535785|0.0008968510410415965
95 96 |PI564163|0.00266760546761676
97 98 |PI569453|6.503614536059555e-05
99 |PI619838|0.0
100 101 |PI534165|1.6360717043816995e-06
102 103 |PI329351|0.0003449871324227127
104 105 |PI329440|0.002479330381125837
106 107 |PI330167|0.0011373115433678399
108 109 |PI255744|1.672831797006021e-06
110 111 |PI156203|0.017888700924602235
112 113 |PI35038|1.967923914953638e-05
114 115 |PI570031|0.004412496043897625
116 117 |PI569447|0.0046499088342579434
118 119 |PI329673|0.005540288420389429
120 121 |PI569443|0.22447078854435865
122 123 |PI562730|0.012656258954700126
124 125 |PI569886|0.0033272921536205294
126 127 |PI297155|0.0011557745150256801
128 129 |PI197542|0.001926498722772365
130 131 |PI655983|0.011773185859844803
132 133 |PI329665|0.039583274265421284
134 135 |PI593916|0.012880514294457055
136 137 |PI569421|0.016188123914569127
138 139 |PI156393|0.051568467365109616
140 141 |PI329584|0.029706446727009096
142 143 |PI570109|0.1050137066443265
144 145 |PI656015|0.00622836727234699
146 147 |PI329333|0.00022554901134907215
148 149 |PI196049|0.01983426658330059
150 151 |PI329570|0.0031668931119007513
152 153 |PI569452|0.00043264687753110536
154 155 |PI563332|0.053778510397803465
156 157 |PI570393|0.004238298616917235
158 159 |PI329465|0.00018068628134544043
160 161 |PI330169|0.012185451930471028
162 163 |PI653616|0.002632697850303253
164 165 |PI329501|0.014991417048835257
166 167 168 |PI542718|0.022790126383319755
169 170 |PI569097|0.11293073046101636
171 172 |PI569422|0.03961039905718717
173 174 |PI156018|0.12185293798023952
175 176 |PI196586|0.0005964341914255432
177 178 |PI643016|0.04533543764339777
179 180 |PI92270|0.02595237802897726
181 182 |PI329841|0.06153554362490314
183 184 |PI329843|0.09594494701135796
185 186 |PI452692|0.006566033156242504
187 188 |PI570073|0.00030460330809035946
189 190 |PI642998|0.03286068767549255
191 192 |PI329617|0.03931688537153983
193 194 |PI562994|0.0025622858145934258
195 196 |PI570076|0.00625081126974898
197 198 |PI562985|0.04388205694152244
199 200 |PI152860|2.8904294296400874e-05
201 202 |PI562991|0.009573415307752069
203 204 |PI330196|0.04574147450092823
205 206 |PI152728|0.03305658529210512
207 208 |PI563002|0.0035384065913334345
209 210 |PI563329|8.743500959555812e-05
211 212 |PI563002|0.0035384065913334345
213 214 |PI452692|0.006566033156242504
215 216 |PI562730|0.012656258954700126
217 218 |PI562981|0.0026966366506951207
219 220 221 222 |PI505735|0.011559608039293848
223 224 |PI562991|0.009573415307752069
225 226 |PI562994|0.0025622858145934258
227 228 |PI521290|0.048372963268244445
229 230 |PI562971|0.008937918343626072
231 232 |PI167093|0.007523236296486512
233 234 |PI152727|0.00576924826035298
235 236 |PI513898|0.019984650057713486
237 238 |PI563332|0.053778510397803465
239 240 |PI154844|0.001352710603078809
241 242 |PI563329|8.743500959555812e-05
243 244 |PI534165|1.6360717043816995e-06
245 246 |PI562985|0.04388205694152244
247 248 |PI562985|0.04388205694152244
249 250 |PI521290|0.048372963268244445
251 252 |PI52606|0.0049516443171119685
253 254 |PI653616|0.002632697850303253
255 256 |PI330167|0.0011373115433678399
257 258 |PI563009|0.004003354569412664
259 260 |PI330169|0.012185451930471028
261 262 |PI35038|1.967923914953638e-05
263 264 |PI35038|1.967923914953638e-05
265 266 |PI329841|0.06153554362490314
267 268 |PI329301|0.001446844954878476
269 270 |PI563348|0.006246264368473343
271 272 |PI167093|0.007523236296486512
273 274 |PI330169|0.012185451930471028
275 276 |PI330196|0.04574147450092823
277 278 |PI329440|0.002479330381125837
279 280 |PI329465|0.00018068628134544043
281 282 |PI569097|0.11293073046101636
283 284 |PI329617|0.03931688537153983
285 286 |PI563196|0.002412356657274508
287 288 |PI329570|0.0031668931119007513
289 290 |PI329843|0.09594494701135796
291 292 |PI329665|0.039583274265421284
293 294 |PI329333|0.00022554901134907215
295 296 |PI329510|0.000384933890320514
297 298 |PI329673|0.005540288420389429
299 300 |PI329605|0.00039898170634146293
301 302 |PI585461|0.006412557131735077
303 304 |PI329569|0.010816081029569857
305 306 |PI534165|1.6360717043816995e-06
307 308 |PI563002|0.0035384065913334345
309 310 |PI330167|0.0011373115433678399
311 312 |PI329584|0.029706446727009096
313 314 |PI329351|0.0003449871324227127
315 316 |PI329501|0.014991417048835257
317 318 |PI564163|0.00266760546761676
