2.476237290271070091e+00
2.318397279217510043e+00
2.514746924634379877e+00
2.152196582334210184e+00
3.001915351793929876e+00
2.574170219730790077e+00
3.089629617821710195e+00
3.251691743640699794e+00
2.188140698788859861e+00
2.393399695293100038e+00
3.162821203526189784e+00
3.132784625069310103e+00
2.985731765149080008e+00
2.948584106680599781e+00
2.001647191346040078e+00
2.290145954647810012e+00
1.945567053442389893e+00
2.543049360639530132e+00
2.939619078956699827e+00
3.247813750396209898e+00
3.117609317032099980e+00
3.383632277652679932e+00
3.402333615529479882e+00
2.773406088015140103e+00
2.874644140437999873e+00
3.083606522746459966e+00
3.196156833486159865e+00
2.983296946318330090e+00
2.752063820803349881e+00
2.878607956493830056e+00
3.248267603534650050e+00
3.180819503683939953e+00
3.236401208265660134e+00
3.028400429136639982e+00
3.050847444082259941e+00
2.935482073998850083e+00
2.969807160278170155e+00
2.929858107406220213e+00
2.896823728531960018e+00
2.701136066092530097e+00
3.019556595546160072e+00
2.802547970281219936e+00
2.476237290271070091e+00
2.318397279217510043e+00
3.020058662952279871e+00
2.675347498485510123e+00
3.004149341900060222e+00
2.964909877565260032e+00
2.338396724196260212e+00
2.235098990094940063e+00
3.101131616599030139e+00
2.818397465441349947e+00
2.818694256597510162e+00
3.185992363838019870e+00
3.004149341900060222e+00
2.964909877565260032e+00
2.634497422569349823e+00
2.823578551650240076e+00
2.953856298224990073e+00
2.795789674695880134e+00
3.036057710071600191e+00
2.862584527170190185e+00
2.188140698788859861e+00
2.393399695293100038e+00
3.130327334455019983e+00
3.206402164849269987e+00
2.515343893088379801e+00
2.955220981685839909e+00
2.580560060639419895e+00
2.737788791709680147e+00
2.844197496988409846e+00
2.948055797584849813e+00
2.765914312276790188e+00
2.605757425047610099e+00
3.042027869628229908e+00
2.568471607033239845e+00
2.872930899174459984e+00
2.774699404076919951e+00
3.058027231970910087e+00
2.984468803410239790e+00
2.205420915676339799e+00
3.236401208265660134e+00
3.028400429136639982e+00
2.806064599188240027e+00
3.138432177581279792e+00
2.742002014397940002e+00
2.752063820803349881e+00
2.878607956493830056e+00
2.801945382567939902e+00
3.161002442034340110e+00
1.999304572338350017e+00
2.969807160278170155e+00
2.929858107406220213e+00
2.990161192898479925e+00
2.930266250172349984e+00
2.338396724196260212e+00
2.235098990094940063e+00
2.873901597864460200e+00
2.857772599710750150e+00
2.983296946318330090e+00
2.163071882003820168e+00
2.165630062376179943e+00
2.985731765149080008e+00
2.948584106680599781e+00
2.952632639757370114e+00
2.853046890151799797e+00
3.248267603534650050e+00
3.180819503683939953e+00
2.952898945910519934e+00
2.955485705889339787e+00
3.469107418822039879e+00
3.201610122203160103e+00
2.387905689512499929e+00
2.379033431817970001e+00
2.906771272433520181e+00
2.773918029433620092e+00
2.595264683361360181e+00
2.731645163405359789e+00
2.712548691164629933e+00
2.861414918636000060e+00
3.097309380250630184e+00
2.149742414713399885e+00
2.392503499681749801e+00
2.617503579279070181e+00
3.050847444082259941e+00
2.935482073998850083e+00
2.375535592509499860e+00
2.443528960275060058e+00
2.243757141029929958e+00
2.155973344739900099e+00
3.019556595546160072e+00
2.802547970281219936e+00
3.287929313175200097e+00
2.890018397188109933e+00
2.567884690783710067e+00
2.340899983858709898e+00
2.654234315571399883e+00
2.908699432352220171e+00
2.890750666819520198e+00
3.344924498584890049e+00
3.020058662952279871e+00
2.675347498485510123e+00
2.278570701610520111e+00
2.926687069693679977e+00
2.476237290271070091e+00
2.318397279217510043e+00
3.162821203526189784e+00
3.132784625069310103e+00
2.931788296963380169e+00
3.213456659285459871e+00
3.083606522746459966e+00
3.196156833486159865e+00
2.944847720863239982e+00
2.903247390214020118e+00
2.837234798784419976e+00
3.301038681466760050e+00
3.247813750396209898e+00
3.117609317032099980e+00
3.018654737258259946e+00
2.991770817801049809e+00
2.776693921478159854e+00
2.997469390500159925e+00
2.951842444691429979e+00
2.849222800367289921e+00
2.461753566125460146e+00
2.706632450873290185e+00
2.001647191346040078e+00
2.290145954647810012e+00
1.945567053442389893e+00
2.587160734706190013e+00
3.259264091225159810e+00
3.209622234511550154e+00
2.811575005870590171e+00
3.179290331539129877e+00
2.481141527972900107e+00
2.628644322284610091e+00
2.677488326683330033e+00
3.330930965704089974e+00
2.905088564605290191e+00
2.290724480019219911e+00
1.968529644374839904e+00
2.858873915908859864e+00
3.355001091640660071e+00
2.523186984950350098e+00
3.142686612105550115e+00
3.089629617821710195e+00
3.251691743640699794e+00
2.867461595085260218e+00
2.902367371575139909e+00
2.514746924634379877e+00
2.152196582334210184e+00
2.543049360639530132e+00
2.939619078956699827e+00
2.773406088015140103e+00
2.874644140437999873e+00
3.047773143707920074e+00
2.889648999191670065e+00
3.026737494238750159e+00
2.607776603741689847e+00
3.377005565670040177e+00
3.387758108494209885e+00
2.896823728531960018e+00
2.701136066092530097e+00
3.001915351793929876e+00
2.574170219730790077e+00
2.879428500836440197e+00
3.243057901694539780e+00
2.677223582548270198e+00
2.796192596855919810e+00
3.383632277652679932e+00
3.402333615529479882e+00
2.677223582548270198e+00
2.796192596855919810e+00
3.089629617821710195e+00
3.251691743640699794e+00
2.392503499681749801e+00
2.617503579279070181e+00
2.844197496988409846e+00
2.948055797584849813e+00
3.031941410338729881e+00
2.862316273039540171e+00
2.898911581132659787e+00
3.132061072897839971e+00
2.896823728531960018e+00
2.701136066092530097e+00
2.773406088015140103e+00
2.874644140437999873e+00
2.515343893088379801e+00
2.955220981685839909e+00
2.634497422569349823e+00
2.823578551650240076e+00
3.036057710071600191e+00
2.862584527170190185e+00
3.134218558082209949e+00
2.982307422738510017e+00
3.101131616599030139e+00
2.818397465441349947e+00
2.837234798784419976e+00
3.301038681466760050e+00
3.058027231970910087e+00
2.984468803410239790e+00
3.383632277652679932e+00
3.402333615529479882e+00
2.163071882003820168e+00
2.165630062376179943e+00
3.026737494238750159e+00
2.607776603741689847e+00
3.026737494238750159e+00
2.607776603741689847e+00
2.515343893088379801e+00
2.955220981685839909e+00
2.281624151440199810e+00
2.422359993600069927e+00
2.951842444691429979e+00
2.849222800367289921e+00
3.248267603534650050e+00
3.180819503683939953e+00
2.752063820803349881e+00
2.878607956493830056e+00
2.776693921478159854e+00
2.997469390500159925e+00
2.387905689512499929e+00
2.379033431817970001e+00
2.387905689512499929e+00
2.379033431817970001e+00
2.858873915908859864e+00
3.355001091640660071e+00
3.130327334455019983e+00
3.206402164849269987e+00
2.953856298224990073e+00
2.795789674695880134e+00
3.036057710071600191e+00
2.862584527170190185e+00
2.776693921478159854e+00
2.997469390500159925e+00
3.001915351793929876e+00
2.574170219730790077e+00
2.952632639757370114e+00
2.853046890151799797e+00
3.018654737258259946e+00
2.991770817801049809e+00
2.587160734706190013e+00
3.259264091225159810e+00
2.543049360639530132e+00
2.939619078956699827e+00
2.872930899174459984e+00
2.774699404076919951e+00
3.083606522746459966e+00
3.196156833486159865e+00
2.523186984950350098e+00
3.142686612105550115e+00
3.287929313175200097e+00
2.890018397188109933e+00
3.162821203526189784e+00
3.132784625069310103e+00
3.004149341900060222e+00
2.964909877565260032e+00
2.712548691164629933e+00
2.861414918636000060e+00
2.969807160278170155e+00
2.929858107406220213e+00
2.765914312276790188e+00
2.605757425047610099e+00
3.236401208265660134e+00
3.028400429136639982e+00
2.163071882003820168e+00
2.165630062376179943e+00
2.677223582548270198e+00
2.796192596855919810e+00
3.248267603534650050e+00
3.180819503683939953e+00
3.020058662952279871e+00
2.675347498485510123e+00
2.985731765149080008e+00
2.948584106680599781e+00
2.461753566125460146e+00
2.706632450873290185e+00
2.338396724196260212e+00
2.235098990094940063e+00
