8.450980400142570348e-01
9.030899869919439826e-01
6.505149978319904047e-01
3.890756251918214836e-01
8.450980400142570348e-01
7.781512503836439665e-01
8.217263382430959329e-01
9.542425094393249818e-01
6.020599913279619519e-01
5.395906230238119994e-01
4.771212547196619913e-01
4.771212547196619913e-01
3.010299956639809760e-01
7.781512503836439665e-01
4.771212547196619913e-01
7.517575017011020044e-01
3.010299956639809760e-01
8.450980400142570348e-01
4.771212547196619913e-01
5.395906230238119994e-01
4.771212547196619913e-01
5.395906230238119994e-01
4.771212547196619913e-01
6.020599913279619519e-01
7.385606273598315230e-01
6.020599913279619519e-01
9.978175972987775033e-01
8.450980400142570348e-01
7.592569699389459803e-01
7.781512503836439665e-01
9.542425094393249818e-01
1.000000000000000000e+00
4.771212547196619913e-01
3.010299956639809760e-01
7.781512503836439665e-01
8.010299956639814756e-01
4.515449934959714362e-01
6.505149978319904047e-01
8.450980400142570348e-01
7.101112561650020361e-01
3.890756251918219832e-01
4.771212547196619913e-01
5.395906230238119994e-01
4.771212547196619913e-01
7.385606273598315230e-01
3.010299956639809760e-01
4.515449934959714362e-01
6.588709367037277609e-01
3.010299956639809760e-01
9.030899869919439826e-01
5.395906230238119994e-01
4.771212547196619913e-01
6.505149978319904047e-01
8.450980400142570348e-01
6.020599913279619519e-01
8.406206186877940301e-01
7.781512503836439665e-01
8.450980400142570348e-01
5.340199971093206877e-01
0.000000000000000000e+00
7.385606273598315230e-01
8.450980400142570348e-01
9.542425094393249818e-01
3.010299956639809760e-01
7.517575017011020044e-01
6.276362525516530066e-01
4.771212547196619913e-01
8.217263382430959329e-01
0.000000000000000000e+00
8.450980400142570348e-01
5.395906230238119994e-01
1.505149978319904880e-01
2.006866637759873173e-01
9.286662482156344822e-01
8.450980400142570348e-01
9.030899869919439826e-01
6.020599913279619519e-01
4.771212547196619913e-01
5.000000000000000000e-01
6.020599913279619519e-01
4.771212547196619913e-01
5.510708379251142430e-01
4.771212547196619913e-01
4.771212547196619913e-01
6.989700043360189685e-01
4.771212547196619913e-01
8.197974959197439349e-01
9.542425094393249818e-01
9.978175972987775033e-01
3.010299956639809760e-01
6.020599913279619519e-01
9.542425094393249818e-01
7.834160061113877305e-01
8.837593379993817777e-01
4.771212547196619913e-01
3.890756251918214836e-01
6.250204211305666613e-01
9.030899869919439826e-01
7.592569699389459803e-01
4.515449934959714362e-01
8.450980400142570348e-01
7.781512503836439665e-01
5.927170834612143224e-01
4.771212547196619913e-01
7.781512503836439665e-01
6.989700043360189685e-01
4.771212547196619913e-01
6.989700043360189685e-01
8.450980400142570348e-01
4.771212547196619913e-01
8.450980400142570348e-01
3.010299956639809760e-01
4.771212547196619913e-01
4.771212547196619913e-01
4.771212547196619913e-01
3.010299956639809760e-01
6.020599913279619519e-01
7.781512503836439665e-01
6.020599913279619519e-01
4.771212547196619913e-01
9.030899869919439826e-01
9.542425094393249818e-01
7.194541640317501097e-01
6.020599913279619519e-01
6.989700043360189685e-01
5.880456295278404522e-01
3.890756251918214836e-01
9.286662482156344822e-01
6.901056208558029592e-01
9.178610196309689995e-01
6.989700043360189685e-01
6.276362525516530066e-01
5.395906230238119994e-01
3.890756251918214836e-01
3.010299956639809760e-01
6.020599913279619519e-01
6.020599913279619519e-01
9.030899869919439826e-01
5.395906230238119994e-01
3.010299956639809760e-01
5.880456295278404522e-01
7.194541640317501097e-01
5.880456295278404522e-01
6.020599913279619519e-01
6.505149978319904047e-01
6.020599913279619519e-01
3.010299956639809760e-01
4.771212547196619913e-01
4.771212547196619913e-01
3.010299956639809760e-01
3.890756251918214836e-01
6.989700043360189685e-01
4.771212547196619913e-01
4.330984399557419873e-01
6.020599913279619519e-01
3.010299956639809760e-01
3.890756251918219832e-01
8.010299956639814756e-01
6.020599913279619519e-01
6.505149978319904047e-01
6.505149978319904047e-01
4.771212547196619913e-01
4.771212547196619913e-01
4.771212547196619913e-01
6.588709367037277609e-01
4.771212547196619913e-01
4.771212547196619913e-01
6.276362525516530066e-01
4.771212547196619913e-01
7.194541640317501097e-01
6.020599913279619519e-01
7.194541640317501097e-01
3.890756251918219832e-01
4.771212547196619913e-01
4.771212547196619913e-01
9.956130378462484387e-01
8.450980400142570348e-01
6.989700043360189685e-01
6.020599913279619519e-01
5.395906230238119994e-01
8.450980400142570348e-01
6.020599913279619519e-01
4.771212547196619913e-01
9.286662482156344822e-01
8.450980400142570348e-01
9.286662482156344822e-01
4.771212547196619913e-01
6.276362525516530066e-01
7.101112561650020361e-01
4.515449934959714362e-01
3.010299956639809760e-01
6.505149978319904047e-01
6.020599913279619519e-01
6.505149978319904047e-01
0.000000000000000000e+00
4.771212547196619913e-01
4.771212547196619913e-01
6.989700043360189685e-01
7.194541640317501097e-01
5.395906230238119994e-01
4.515449934959714362e-01
7.781512503836439665e-01
5.395906230238119994e-01
7.834160061113877305e-01
7.781512503836439665e-01
7.781512503836439665e-01
6.020599913279619519e-01
3.010299956639809760e-01
7.385606273598315230e-01
7.385606273598315230e-01
5.395906230238119994e-01
3.010299956639809760e-01
3.010299956639809760e-01
6.276362525516530066e-01
3.010299956639809760e-01
6.020599913279619519e-01
3.010299956639809760e-01
5.395906230238119994e-01
7.592569699389459803e-01
4.771212547196619913e-01
6.020599913279619519e-01
8.217263382430959329e-01
9.030899869919439826e-01
9.542425094393249818e-01
