0.0
0.0
0.002347887655305445
0.00775203287895374
0.0
0.0
0.048253303967040015
0.0
0.0
0.0039024219763195383
0.0
0.0
0.0
0.0
0.0
0.045915345362415365
0.0
0.0
0.0
0.0039024219763195383
0.0
0.0039024219763195383
0.0
0.0
0.0015674174314136325
0.0
0.0018987882819590065
0.0
0.07960056180229694
0.0
0.0
0.0
0.0
0.06041270552630427
0.0
0.010416241829863782
0.0226547645723641
0.002347887655305445
0.0
0.038002845697036
0.15137984211840713
0.0
0.0039024219763195383
0.0
0.0015674174314136325
0.0
0.0226547645723641
0.03168306997764643
0.0
0.0
0.0039024219763195383
0.0
0.002347887655305445
0.0
0.0
0.003902421976319542
0.0
0.0
0.028707428823619985
0.0
0.0015674174314136325
0.0
0.0
0.0
0.045915345362415365
0.022654764572364254
0.0
0.048253303967040015
0.0
0.0
0.0039024219763195383
0.0226547645723641
0.02013756850876809
0.0006541451381824543
0.0
0.0
0.0
0.0
0.039589062625475416
0.0
0.0
0.010937081712520233
0.0
0.0
0.0
0.0
0.0034688195345062597
0.0
0.0018987882819590065
0.0
0.0
0.0
0.017005513034773535
0.0007473479809473009
0.0
0.00775203287895374
0.010937081712520233
0.0
0.07960056180229694
0.0226547645723641
0.0
0.0
0.008246456248093443
0.0
0.0
0.0
0.0
0.0
0.0
0.0
0.0
0.0
0.0
0.0
0.0
0.0
0.0
0.0
0.0
0.0
0.0
0.0
0.08797548909591785
0.0
0.0
0.012304216926585263
0.00775203287895374
0.0006541451381824543
0.007752032878953828
0.0026472256013510206
0.0
0.022654764572364254
0.0039024219763195383
0.00775203287895374
0.0
0.0
0.0
0.0
0.0039024219763195383
0.0
0.012304216926585263
0.03196423411871002
0.012304216926585263
0.0
0.002347887655305445
0.0
0.0
0.0
0.0
0.0
0.00775203287895374
0.0
0.0
0.07762792927894199
0.0
0.0
0.15137984211840713
0.010416241829863782
0.0
0.002347887655305445
0.002347887655305445
0.0
0.0
0.0
0.03168306997764643
0.0
0.0
0.022654764572364254
0.0
0.03196423411871002
0.0
0.03196423411871002
0.15137984211840713
0.0
0.0
0.022654764572364393
0.0
0.0
0.0
0.0039024219763195383
0.0
0.0
0.0
0.0006541451381824543
0.0
0.0006541451381824543
0.0
0.022654764572364254
0.038002845697036
0.0226547645723641
0.0
0.002347887655305445
0.0
0.002347887655305445
0.0
0.0
0.0
0.0
0.08797548909591785
0.0039024219763195383
0.0226547645723641
0.0
0.0039024219763195383
0.017005513034773535
0.0
0.0
0.0
0.0
0.0015674174314136325
0.0015674174314136325
0.0039024219763195383
0.0
0.0
0.022654764572364254
0.0
0.0
0.0
0.0039024219763195383
0.07960056180229694
0.0
0.0
0.048253303967040015
0.0
0.0
