0 1 |PI656015|0.004781909080018705
2 3 |PI642998|0.0006541451381824543
4 5 |PI330196|0.0226547645723641
6 7 |PI452692|0.0039024219763195383
8 9 |PI533998|0.0
10 |PI329333|0.0
11 |PI329351|0.0
12 13 14 |PI542718|0.09481924181171199
15 |PI329403|0.0
16 17 |PI329617|0.022654764572364254
18 |PI570393|0.0
19 20 |PI563329|0.012304216926585263
21 |PI562994|0.0
22 23 |PI329570|0.0
24 |PI329710|0.0
25 26 |PI619838|0.0039024219763195383
27 |PI329702|0.0
28 |PI563009|0.0
29 |PI156268|0.0
30 |PI330167|0.0
31 |PI570145|0.0
32 33 |PI329569|0.039589062625475416
34 |PI569886|0.0
35 |PI563330|0.0
36 |PI329605|0.0
37 |PI562991|0.0
38 |PI655983|0.0
39 40 |PI656015|0.004781909080018705
41 42 |PI329584|0.0
43 |PI329510|0.0
44 |PI564163|0.0
45 |PI251672|0.0
46 |PI513898|0.0
47 48 |PI569423|0.0226547645723641
49 |PI329510|0.0
50 |PI562971|0.0
51 |PI563348|0.0
52 |PI167093|0.0
53 54 |PI533998|0.0
55 56 |PI329301|0.022654764572364254
57 58 |PI521290|0.0906190582894564
59 |PI585577|0.0
60 |PI569460|0.0
61 |PI562981|0.0
62 |PI585461|0.0
63 64 |PI569427|0.05691117292631638
65 |PI563196|0.0
66 67 68 |PI154844|0.00518548354029907
69 |PI330181|0.0
70 71 |PI329569|0.039589062625475416
72 |PI330185|0.0
73 74 |PI152694|0.002347887655305445
75 |PI330168|0.0
76 |PI563330|0.0
77 |PI155149|0.0
78 |PI550604|0.0
79 |PI563009|0.0
80 81 |PI156487|0.00775203287895374
82 |PI535793|0.0
83 |PI329605|0.0
84 |PI535785|0.0
85 |PI564163|0.0
86 |PI569453|0.0
87 88 |PI619838|0.0039024219763195383
89 |PI534165|0.0
90 |PI562970|0.0
91 |PI329351|0.0
92 |PI329440|0.0
93 |PI526905|0.0
94 |PI330167|0.0
95 |PI255744|0.0
96 97 |PI156203|0.00775203287895374
98 |PI35038|0.0
99 |PI570031|0.0
100 |PI181899|0.0
101 |PI569446|0.0
102 |PI329710|0.0
103 |PI569447|0.0
104 |PI329673|0.0
105 |PI455217|0.0
106 107 |PI569443|0.0039024219763195383
108 |PI570145|0.0
109 |PI562732|0.0
110 |PI562730|0.0
111 |PI569886|0.0
112 113 114 |PI297155|0.0005814623450510704
115 |PI197542|0.0
116 |PI655983|0.0
117 |PI329702|0.0
118 |PI452544|0.0
119 |PI561840|0.0
120 121 |PI329665|0.022654764572364254
122 123 |PI593916|0.002978128801519898
124 |PI152963|0.0
125 126 |PI569421|0.005338350702795104
127 128 |PI156393|0.0226547645723641
129 |PI157804|0.0
130 131 |PI329584|0.0
132 133 |PI570109|0.002347887655305445
134 135 |PI656015|0.004781909080018705
136 |PI329333|0.0
137 138 |PI196049|0.0015674174314136325
139 |PI569148|0.0
140 141 |PI329570|0.0
142 |PI576399|0.0
143 144 |PI569452|0.0015674174314136325
145 |PI181083|0.0
146 147 |PI563332|0.0008407664785657136
148 |PI540518|0.0
149 |PI570393|0.0
150 |PI329465|0.0
151 |PI156268|0.0
152 |PI329310|0.0
153 |PI330169|0.0
154 |PI535794|0.0
155 |PI653616|0.0
156 |PI329501|0.0
157 158 159 |PI542718|0.09481924181171199
160 161 |PI569097|0.02265476457236426
162 |PI329403|0.0
163 |PI300119|0.0
164 165 |PI569422|0.0
166 167 |PI156018|0.00775203287895374
168 |PI196586|0.0
169 170 |PI643016|0.005338350702795104
171 172 |PI92270|0.002978128801519898
173 |PI329519|0.0
174 175 |PI329841|0.0039024219763195383
176 177 |PI329843|0.0039024219763195383
178 179 |PI452692|0.0039024219763195383
180 |PI329256|0.0
181 |PI329511|0.0
182 |PI570073|0.0
183 184 |PI642998|0.0006541451381824543
185 186 |PI329617|0.022654764572364254
187 |PI562994|0.0
188 |PI570076|0.0
189 190 |PI562985|0.0
191 |PI152860|0.0
192 |PI562991|0.0
193 194 |PI330196|0.0226547645723641
195 196 |PI152728|0.0
197 |PI563002|0.0
198 199 |PI563329|0.012304216926585263
200 |PI585577|0.0
201 |PI563002|0.0
202 203 |PI452692|0.0039024219763195383
204 |PI562730|0.0
205 |PI562981|0.0
206 207 |PI505735|0.0226547645723641
208 |PI562991|0.0
209 |PI562994|0.0
210 211 |PI521290|0.0906190582894564
212 |PI562971|0.0
213 |PI452544|0.0
214 |PI167093|0.0
215 |PI152727|0.0
216 |PI513898|0.0
217 218 |PI563332|0.0008407664785657136
219 |PI562732|0.0
220 221 222 |PI154844|0.00518548354029907
223 224 |PI563329|0.012304216926585263
225 |PI455217|0.0
226 |PI534165|0.0
227 |PI562970|0.0
228 229 |PI562985|0.0
230 |PI563330|0.0
231 232 |PI562985|0.0
233 234 |PI521290|0.0906190582894564
235 |PI562970|0.0
236 |PI562732|0.0
237 238 |PI52606|0.0005234369856025659
239 |PI576399|0.0
240 |PI653616|0.0
241 |PI330167|0.0
242 |PI563009|0.0
243 |PI330169|0.0
244 |PI569148|0.0
245 |PI35038|0.0
246 |PI330168|0.0
247 |PI35038|0.0
248 249 |PI329841|0.0039024219763195383
250 251 |PI329301|0.022654764572364254
252 |PI563348|0.0
253 |PI329702|0.0
254 |PI167093|0.0
255 |PI330169|0.0
256 257 |PI330196|0.0226547645723641
258 |PI329440|0.0
259 |PI329710|0.0
260 |PI329465|0.0
261 |PI329519|0.0
262 263 |PI569097|0.02265476457236426
264 265 |PI329617|0.022654764572364254
266 |PI563196|0.0
267 268 |PI329570|0.0
269 270 |PI329843|0.0039024219763195383
271 272 |PI329665|0.022654764572364254
273 |PI329333|0.0
274 |PI329510|0.0
275 |PI329673|0.0
276 |PI329256|0.0
277 |PI329605|0.0
278 |PI585461|0.0
279 280 |PI329569|0.039589062625475416
281 |PI330181|0.0
282 |PI534165|0.0
283 |PI329310|0.0
284 |PI329511|0.0
285 |PI563002|0.0
286 |PI330167|0.0
287 288 |PI329584|0.0
289 |PI330185|0.0
290 |PI329403|0.0
291 |PI329351|0.0
292 |PI329501|0.0
293 |PI564163|0.0
