2.878739021865446834e-01
3.172999757838351198e-01
2.500329811371454491e-01
4.312890788131473196e-01
3.361043637401340267e-01
5.943700540444114555e-01
5.936832791011241728e-01
1.489473541592783307e-02
6.821450763738320378e-01
7.075701760979360433e-01
3.472170702730123515e-01
-9.128425114061934631e-02
6.716856779060838001e-01
6.000817535951410431e-01
5.932860670204570530e-01
5.845844666296357017e-01
5.797835966168100041e-01
6.079141403172059199e-01
5.693739096150459700e-01
3.579348470004540261e-01
6.836841475210951868e-01
5.705429398818979703e-01
5.293517988256475348e-01
6.589648426644350021e-01
5.879400606437541477e-01
5.530683132781929467e-01
6.201360549737580108e-01
5.490032620257879747e-01
6.020599913279619519e-01
5.910646070264989893e-01
3.472170702730123515e-01
4.927603890268379971e-01
2.500329811371454491e-01
6.126003472657109983e-01
6.424645202421209733e-01
4.693642008391783471e-01
3.175177844839586760e-01
1.415502327893616019e-01
4.314651540059949442e-01
5.158738437116789921e-01
4.561641789802050040e-01
6.424645202421209733e-01
6.512780139981440009e-01
6.232492903979000021e-01
5.378190950732739672e-01
3.472170702730123515e-01
1.489473541592783307e-02
5.575484719940908551e-01
6.143156524948514274e-01
5.777874874972532826e-01
4.871383754771860253e-01
5.599066250361119934e-01
5.477747053878230243e-01
3.609053076062734844e-01
6.063813651106050306e-01
6.074401014324479764e-01
4.257066890534939585e-01
4.290264562600496490e-01
5.530683132781929467e-01
6.186985183595004045e-01
5.127348595305274426e-01
4.813574643710235024e-01
5.490032620257879747e-01
7.092699609758309487e-01
1.846914308175990060e-01
5.705429398818979703e-01
5.669354444988025099e-01
2.954428148239343632e-01
6.020599913279619519e-01
3.729120029701070149e-01
1.415502327893616019e-01
6.364878963533650014e-01
3.579348470004540261e-01
-7.226775438865006007e-02
5.496115320080825484e-01
7.075701760979360433e-01
2.878739021865446834e-01
5.899496013257079507e-01
1.033049515732577528e-01
6.589648426644350021e-01
4.502491083193609911e-01
5.571887148930780853e-01
3.692158574101430113e-01
5.646660642520889839e-01
1.454859362307469317e-01
3.636119798921439994e-01
5.693739096150459700e-01
5.888317255942070449e-01
6.919651027673600074e-01
2.945872170544515112e-01
3.315959545804464947e-01
4.693642008391783471e-01
5.879400606437541477e-01
3.172999757838351198e-01
6.751933420604407932e-01
6.503075231319359606e-01
6.201360549737580108e-01
3.166885783504496676e-01
3.698489768680535139e-01
2.339430488393662577e-01
4.927603890268379971e-01
6.836841475210951868e-01
4.806540128927553890e-01
1.100111356447799893e-01
5.626039578750829939e-01
3.542481965846228098e-01
5.559811085136689979e-01
2.837190516785029204e-01
4.968415344374694786e-01
3.617339212867269893e-01
6.546430431483836188e-01
6.126003472657109983e-01
4.230819273522349877e-01
2.500329811371454491e-01
6.821450763738320378e-01
4.312890788131473196e-01
6.853646235218386895e-01
3.115455991492580012e-01
6.079141403172059199e-01
2.812808103240197477e-01
3.221404968591721207e-01
2.405492482825999923e-01
-1.078614530566294333e-02
5.213990269185619919e-01
-1.885451726475670109e-01
3.529748023656046341e-01
2.304489213782739965e-01
1.972608613374570163e-01
5.932860670204570530e-01
5.998830720736879618e-01
3.203549896700276789e-01
-6.048074738138149720e-02
5.293517988256475348e-01
6.097855504421492157e-01
6.937269489236469466e-01
6.956127412295330936e-01
1.846914308175990060e-01
4.756711883244300054e-01
5.705429398818979703e-01
-9.128425114061934631e-02
4.994027296583474773e-01
5.386983809216040475e-01
6.716856779060838001e-01
5.010592622177509892e-01
4.413334064853494665e-01
5.027875731586535224e-01
5.740312677277189524e-01
6.181174315452815371e-01
4.365433891419663315e-01
5.217431954959446117e-01
3.778741465170987746e-01
4.564276256845231639e-01
4.312890788131473196e-01
4.652623570022683674e-01
5.936832791011241728e-01
5.069072138745730483e-01
3.173263220789576677e-01
5.658478186735179660e-01
5.682017240669949842e-01
4.312890788131473196e-01
3.361043637401340267e-01
6.000817535951410431e-01
5.797835966168100041e-01
6.627578316815739834e-01
5.219793423842725710e-01
6.570558528571039947e-01
5.910646070264989893e-01
3.175177844839586760e-01
5.943700540444114555e-01
5.262507817068904359e-01
5.477747053878230243e-01
5.845844666296357017e-01
5.777874874972532826e-01
5.477747053878230243e-01
5.936832791011241728e-01
6.503075231319359606e-01
5.599066250361119934e-01
6.742945531538190318e-01
5.910646070264989893e-01
5.797835966168100041e-01
6.143156524948514274e-01
6.512780139981440009e-01
4.806540128927553890e-01
5.378190950732739672e-01
6.812412373755869499e-01
5.158738437116789921e-01
3.529748023656046341e-01
6.751933420604407932e-01
6.074401014324479764e-01
5.845844666296357017e-01
2.945872170544515112e-01
4.312890788131473196e-01
6.546430431483836188e-01
-7.226775438865006007e-02
5.496115320080825484e-01
5.219793423842725710e-01
5.490032620257879747e-01
5.219793423842725710e-01
6.143156524948514274e-01
5.496115320080825484e-01
6.751933420604407932e-01
2.598195214311789236e-01
-1.885451726475670109e-01
2.812808103240197477e-01
4.756711883244300054e-01
2.339430488393662577e-01
6.589648426644350021e-01
5.705429398818979703e-01
6.937269489236469466e-01
3.115455991492580012e-01
5.386983809216040475e-01
3.692158574101430113e-01
4.813574643710235024e-01
3.692158574101430113e-01
4.564276256845231639e-01
5.069072138745730483e-01
5.575484719940908551e-01
6.232492903979000021e-01
6.956127412295330936e-01
5.213990269185619919e-01
6.836841475210951868e-01
5.378190950732739672e-01
6.937269489236469466e-01
5.943700540444114555e-01
5.899496013257079507e-01
-1.078614530566294333e-02
5.693739096150459700e-01
5.998830720736879618e-01
3.778741465170987746e-01
4.994027296583474773e-01
6.000817535951410431e-01
6.063813651106050306e-01
6.079141403172059199e-01
4.652623570022683674e-01
5.626039578750829939e-01
6.821450763738320378e-01
6.424645202421209733e-01
6.919651027673600074e-01
3.173263220789576677e-01
6.020599913279619519e-01
5.477747053878230243e-01
5.530683132781929467e-01
1.972608613374570163e-01
4.257066890534939585e-01
-7.226775438865006007e-02
6.097855504421492157e-01
5.658478186735179660e-01
5.477747053878230243e-01
6.589648426644350021e-01
6.126003472657109983e-01
6.186985183595004045e-01
6.716856779060838001e-01
7.075701760979360433e-01
3.203549896700276789e-01
5.705429398818979703e-01
1.415502327893616019e-01
