0.005532196556006923
0.06551380672027539
0.006315060450217801
0.003371282309853079
0.029498580485055853
1.9540402238293206e-05
0.008104174329167078
3.962153159438706e-05
0.0
0.0
0.02436898480015552
0.10465922970595021
0.0013728879282863366
0.0064406659651534744
0.0
0.00245871035901208
0.0
0.0018542189608102388
0.0
0.0
0.0012101137781936892
0.0
0.002836859275435804
0.0
0.008070443558685135
0.009744914549580912
0.0
0.0
0.0
0.0
0.02436898480015552
0.0
0.006315060450217801
0.000619481348627325
0.0
0.003681893242022297
0.016598117914852755
0.0034311239476614653
0.0031039920887764583
0.0
0.010027683490333185
0.0
0.0
0.0
0.0
0.02436898480015552
3.962153159438706e-05
0.009189615488432622
0.009177968140343459
0.0033950485645881778
0.0
0.0
0.0
0.017018868707668975
0.0
0.002154895503724084
0.008473085782975927
0.05511261061464964
0.009744914549580912
0.011267808366980856
0.0170871476696533
7.397745995589205e-05
0.0
0.0
0.0
0.0
0.004161323931651205
0.02785092259211288
0.0
0.0
0.0034311239476614653
0.0
0.0
0.0045588979311044385
0.005519121279062301
0.0
0.005532196556006923
0.0
0.0004334351638511774
0.0
0.0
0.0007993068104146918
0.0
0.0
0.004561140897939474
0.0
0.0
0.0
0.0
0.04029682654217312
0.0051157636266557305
0.003681893242022297
0.008070443558685135
0.06551380672027539
0.0011221016796814217
0.0
0.0
0.0036846372592701598
0.00310798544751276
0.02592320048706086
0.0
0.0012101137781936892
0.006556948635023476
0.0004960568233294533
0.0023093988596466853
0.05288412229225185
0.009280900818410378
0.11177591035307233
0.0072627600484926995
0.013668793656351251
0.003137168705975625
0.000619481348627325
0.009359801368417176
0.006315060450217801
0.0
0.003371282309853079
0.0004776158003121095
0.006609527386808829
0.0018542189608102388
0.005832399077034239
0.09566851416517133
0.0
0.0004675159018881434
0.0012917421935755432
0.001260391080590148
0.07447446463819121
0.0
1.710867146449475e-05
0.0
0.0
0.007294040438989776
0.0
0.002836859275435804
0.0010042017867340073
0.0
0.0003888397924029778
0.0
0.0
0.0
0.10465922970595021
0.021163968150799337
0.022991108235886484
0.0013728879282863366
0.0
0.011858109388427508
0.003828947660000375
0.0
0.003116382290652659
0.004558762091842798
0.011105222170448514
0.034910989204254776
0.04670356255170812
0.003371282309853079
0.02202014369175863
0.008104174329167078
0.005670590211424086
0.08246984416500173
0.0
0.0
0.003371282309853079
0.029498580485055853
0.0064406659651534744
0.0
0.0
0.004168242185591858
0.0
0.0
0.016598117914852755
1.9540402238293206e-05
0.0017598815649008093
0.0
0.00245871035901208
0.0033950485645881778
0.0
0.008104174329167078
0.0
0.0
9.31722542794848e-05
0.0
0.0
0.009177968140343459
0.0
0.006556948635023476
0.0
0.0
0.0
0.07447446463819121
0.0011221016796814217
0.002154895503724084
0.00245871035901208
0.04029682654217312
0.003371282309853079
0.003137168705975625
0.0045588979311044385
0.005519121279062301
0.004168242185591858
0.0
0.004168242185591858
0.009177968140343459
0.005519121279062301
0.0011221016796814217
0.011403916575552347
0.001260391080590148
0.005832399077034239
0.0
0.02592320048706086
0.0
0.0
0.0
0.006609527386808829
0.022991108235886484
0.0
7.397745995589205e-05
0.0
0.04670356255170812
0.005670590211424086
0.009189615488432622
0.0
0.0003888397924029778
0.0012917421935755432
0.0012101137781936892
0.0
0.0
1.9540402238293206e-05
0.0
0.0004675159018881434
0.0
0.0
0.034910989204254776
0.021163968150799337
0.0064406659651534744
0.0
0.0018542189608102388
0.02202014369175863
0.0023093988596466853
0.0
0.0
0.0
0.08246984416500173
0.0
0.0
0.009744914549580912
1.710867146449475e-05
0.008473085782975927
0.0045588979311044385
0.0010042017867340073
0.0
0.0
0.0
0.000619481348627325
0.011267808366980856
0.0013728879282863366
0.0
0.007294040438989776
0.0
0.0034311239476614653
