0.005453859777572529
0.00025618475371057254
0.05485256505232161
0.0013158998259271719
0.0009461172473574921
0.002866167835125084
0.003806194136612211
0.0006367127697880632
0.0
0.0
0.01839246790062159
0.002501987673402438
0.003451267232457561
0.00023104546107877058
0.0
0.00582953079141016
0.0
0.0001152510093172714
0.0016783687856816896
0.008546131639368511
0.0018825273562041586
0.0
0.005745834110242752
0.0
0.01177703677404759
0.000536549731126822
0.0
0.00301236455047008
0.0
0.0
0.01839246790062159
0.0
0.05485256505232161
0.0017802869240381633
0.0
1.3445972399862269e-05
0.0007876270253049394
0.002356061721872342
0.004216147878766992
0.0
0.01200799421693844
0.0
0.0
0.0
0.0
0.01839246790062159
0.0006367127697880632
0.0033743261614459013
0.005065990101708227
0.001763934294480153
0.0
0.0
0.0
0.027530100639422073
0.0
0.00073709432645869
0.10860363572498177
0.0002246027530755291
0.000536549731126822
0.0018940525794037349
0.014923471760352821
0.0009022086017530838
0.00301236455047008
0.007783607913842113
0.00796085199821927
0.0
0.004292957908640441
0.0009708718939156548
0.0
0.0
0.002356061721872342
0.0
0.008546131639368511
0.0007255693510965584
0.007636308507806576
0.0
0.005453859777572529
0.0
0.04152534277980095
0.0
0.0
0.0006468602857945845
0.0
0.0
0.0005208673846341871
0.0734324979820526
0.0016783687856816896
0.0
0.0
0.006279854590586779
0.004201234273108803
1.3445972399862269e-05
0.01177703677404759
0.00025618475371057254
0.0007355019240690365
0.0
0.0
0.01693947006603673
0.08959259508604518
0.000366624402756883
0.0
0.0018825273562041586
0.04895841205762727
0.0034339922639382943
0.0019623402670795598
0.005941345747809095
0.005245834088318544
0.10861507550001824
0.008554158671655609
0.010498200925750321
0.00033470192644919234
0.0017802869240381633
0.002928597904966442
0.05485256505232161
0.0
0.0013158998259271719
0.0003673865185939795
0.01095690517562813
0.0001152510093172714
0.01679231399041669
0.06160441366153484
0.0037355294128003217
0.0003696539360637128
0.002534442864852724
0.00014131885767844476
0.019482804094122175
0.0009418854980967516
0.0009959646783803072
0.0
0.0
0.0014712972894357441
0.0006626287989664565
0.005745834110242752
0.0025326345844865024
0.0
0.0015087332586064615
0.0008398638082848094
0.0
0.001403004119088876
0.0
0.002501987673402438
0.04419551460530759
0.007396848621380756
0.003451267232457561
0.0022006348444234586
0.01600506722748504
0.003683505656902006
0.0
0.0034835167432606
0.00033652366129488975
0.07194555813549645
0.001586336807126797
3.57234159090018e-05
0.0013158998259271719
0.004058261990732769
0.003806194136612211
0.0029280963917299543
0.0018258954564436265
0.001970946824633022
0.0
0.0013158998259271719
0.0009461172473574921
0.00023104546107877058
0.0
0.0
0.006766617095259811
0.0
0.0
0.0007876270253049394
0.002866167835125084
0.001474619301803387
0.0
0.00582953079141016
0.001763934294480153
0.0
0.003806194136612211
0.0
0.0
8.472077904968612e-05
0.0
0.0
0.005065990101708227
0.0
0.04895841205762727
0.0
0.0
0.0
0.019482804094122175
0.0007355019240690365
0.00073709432645869
0.00582953079141016
0.006279854590586779
0.0013158998259271719
0.00033470192644919234
0.0007255693510965584
0.007636308507806576
0.006766617095259811
0.00301236455047008
0.006766617095259811
0.005065990101708227
0.007636308507806576
0.0007355019240690365
0.021633585098582844
0.00014131885767844476
0.01679231399041669
0.0
0.000366624402756883
0.0
0.0
0.0
0.01095690517562813
0.007396848621380756
0.0
0.0009022086017530838
0.0
0.001403004119088876
3.57234159090018e-05
0.0029280963917299543
0.0033743261614459013
0.0
0.0015087332586064615
0.002534442864852724
0.0018825273562041586
0.0
0.0
0.002866167835125084
0.0
0.0003696539360637128
0.0016783687856816896
0.0
0.001586336807126797
0.04419551460530759
0.00023104546107877058
0.0
0.0001152510093172714
0.004058261990732769
0.0019623402670795598
0.0
0.0
0.0
0.0018258954564436265
0.0
0.0
0.000536549731126822
0.0009959646783803072
0.10860363572498177
0.0007255693510965584
0.0025326345844865024
0.001970946824633022
0.0
0.0
0.0017802869240381633
0.0018940525794037349
0.003451267232457561
0.0
0.0014712972894357441
0.0
0.002356061721872342
