3.057444664951486923e-01
1.534222323418042190e-02
-6.570408316840260776e-02
2.237960544107689964e-01
5.386148906554384386e-01
6.523271095235170236e-01
6.031794851900876830e-01
-1.846557441853449028e-02
6.875289612146340268e-01
6.981005456233899675e-01
-2.410311581235303428e-03
2.376421166596453249e-01
6.877789557303004564e-01
5.350281734154065383e-01
6.374897295125110386e-01
6.700612026482367645e-01
6.304278750250239538e-01
6.238914281446414911e-01
6.150339924899287380e-01
4.503801369798170473e-01
6.441699230149597888e-01
5.658478186735179660e-01
4.906138206064482588e-01
6.414741105040999702e-01
6.382052387557095585e-01
6.234070970436604853e-01
5.899496013257079507e-01
6.403664180646460036e-01
6.344772701607319654e-01
6.893088591236200546e-01
-2.410311581235303428e-03
4.756711883244300054e-01
-6.570408316840260776e-02
6.299044114773144631e-01
6.570558528571039947e-01
2.252938324224676714e-01
1.251043704004163315e-01
7.647707128351513561e-02
3.960353215548995109e-01
5.526682161121929671e-01
4.656068510603920130e-01
6.570558528571039947e-01
6.589648426644350021e-01
6.711728427150830401e-01
5.854607295085010321e-01
-2.410311581235303428e-03
-1.846557441853449028e-02
6.208911661067821885e-01
5.896897089408779102e-01
5.563885476050067780e-01
5.587085705331660268e-01
6.180480967120930424e-01
6.020599913279619519e-01
3.963708929173744844e-01
6.117233080073419815e-01
6.012128872562344517e-01
3.452674392369661782e-01
8.339657427586537677e-03
6.234070970436604853e-01
6.620517952367169778e-01
5.041787049749549832e-01
4.658367501171681857e-01
6.403664180646460036e-01
5.774024184657786662e-01
1.407759671440579619e-01
5.658478186735179660e-01
5.679477877820100495e-01
1.511433374424585030e-01
6.344772701607319654e-01
4.409090820652180054e-01
7.647707128351513561e-02
6.344772701607319654e-01
4.503801369798170473e-01
-1.101400557930745788e-01
6.033099502652993218e-01
6.981005456233899675e-01
3.057444664951486923e-01
6.937269489236469466e-01
4.008455557186331730e-01
6.414741105040999702e-01
4.698220159781629768e-01
5.543501484472325158e-01
3.384564936046050021e-01
6.074550232146690432e-01
2.298614610572934924e-01
3.297786298059664500e-01
6.150339924899287380e-01
4.828735836087539868e-01
6.222140229662950217e-01
5.126239841053636948e-01
4.679374500841579909e-01
2.252938324224676714e-01
6.382052387557095585e-01
1.534222323418042190e-02
6.628594308918702716e-01
6.253124509616739823e-01
5.899496013257079507e-01
2.359645195750490199e-01
8.768318845848130372e-02
2.213945539800561343e-02
4.756711883244300054e-01
6.441699230149597888e-01
2.104427994776637556e-01
5.201017272213569187e-02
5.588460626402339537e-01
2.365276250310214753e-02
4.620918335237552688e-01
2.789580201110534174e-01
5.041084007948449797e-01
3.384794630420130401e-01
7.194957477872123697e-01
6.299044114773144631e-01
3.804523824814750044e-01
-6.570408316840260776e-02
6.875289612146340268e-01
2.237960544107689964e-01
6.506579041830695687e-01
3.869557165861144954e-01
6.238914281446414911e-01
5.977807029566619690e-01
5.062920267905648419e-01
3.031911700232622353e-01
-1.966191876481010112e-02
5.866640408965105857e-01
-2.101129802072340125e-01
5.225024936359703442e-01
2.124312273960349828e-01
5.307440967413366018e-01
6.374897295125110386e-01
3.443922736851109945e-01
5.020633177226573318e-01
4.396214567336840240e-01
4.906138206064482588e-01
6.318801447323056930e-01
6.702458530741239873e-01
6.798300875886833516e-01
1.388982339213419848e-01
5.237464668115640043e-01
6.924387652256016601e-01
5.185139398778869646e-01
2.376421166596453249e-01
2.997123137178400176e-01
4.716264321095287038e-01
6.877789557303004564e-01
4.218528502404112479e-01
4.589495947120529884e-01
5.016009732608465166e-01
4.393326938302630214e-01
6.213141889355189296e-01
-2.720351688272790169e-01
1.352379883416612583e-01
4.978743916694285399e-01
6.394453624643394729e-01
2.237960544107689964e-01
5.269770601022599754e-01
6.031794851900876830e-01
5.866789586439590254e-01
4.197966908237048544e-01
6.209693920016320368e-01
5.198279937757189773e-01
2.237960544107689964e-01
5.386148906554384386e-01
5.350281734154065383e-01
6.304278750250239538e-01
6.720978579357179683e-01
5.486294548500614265e-01
6.794278966121189978e-01
6.893088591236200546e-01
1.251043704004163315e-01
6.523271095235170236e-01
5.227006114979210194e-01
5.575072019056579453e-01
6.700612026482367645e-01
5.563885476050067780e-01
5.575072019056579453e-01
6.031794851900876830e-01
6.253124509616739823e-01
6.180480967120930424e-01
6.949461277210314814e-01
6.893088591236200546e-01
6.304278750250239538e-01
5.896897089408779102e-01
6.589648426644350021e-01
2.104427994776637556e-01
5.854607295085010321e-01
6.232492903979000021e-01
5.526682161121929671e-01
5.225024936359703442e-01
6.628594308918702716e-01
6.012128872562344517e-01
6.700612026482367645e-01
5.126239841053636948e-01
2.237960544107689964e-01
7.194957477872123697e-01
-1.101400557930745788e-01
6.033099502652993218e-01
5.486294548500614265e-01
6.403664180646460036e-01
5.486294548500614265e-01
5.896897089408779102e-01
6.033099502652993218e-01
6.628594308918702716e-01
8.175185960744746350e-02
-2.101129802072340125e-01
5.977807029566619690e-01
5.237464668115640043e-01
2.213945539800561343e-02
6.414741105040999702e-01
5.658478186735179660e-01
6.702458530741239873e-01
3.869557165861144954e-01
4.716264321095287038e-01
3.384564936046050021e-01
4.658367501171681857e-01
3.384564936046050021e-01
6.924387652256016601e-01
6.394453624643394729e-01
5.866789586439590254e-01
6.208911661067821885e-01
6.711728427150830401e-01
6.798300875886833516e-01
5.866640408965105857e-01
6.441699230149597888e-01
5.854607295085010321e-01
6.702458530741239873e-01
6.523271095235170236e-01
6.937269489236469466e-01
-1.966191876481010112e-02
6.150339924899287380e-01
3.443922736851109945e-01
4.978743916694285399e-01
2.997123137178400176e-01
5.350281734154065383e-01
6.117233080073419815e-01
6.238914281446414911e-01
5.269770601022599754e-01
5.588460626402339537e-01
6.875289612146340268e-01
6.570558528571039947e-01
6.222140229662950217e-01
4.197966908237048544e-01
6.344772701607319654e-01
6.020599913279619519e-01
6.234070970436604853e-01
5.307440967413366018e-01
3.452674392369661782e-01
-1.101400557930745788e-01
6.318801447323056930e-01
6.209693920016320368e-01
5.575072019056579453e-01
6.414741105040999702e-01
6.299044114773144631e-01
6.620517952367169778e-01
6.877789557303004564e-01
6.981005456233899675e-01
5.020633177226573318e-01
5.185139398778869646e-01
7.647707128351513561e-02
