8.500000000000000000e+00
8.333333333333333925e+00
5.000000000000000000e+00
3.333333333333333481e+00
8.166666666666666075e+00
5.666666666666666963e+00
5.500000000000000000e+00
6.833333333333333037e+00
5.000000000000000000e+00
4.333333333333333037e+00
3.666666666666666519e+00
4.500000000000000000e+00
3.000000000000000000e+00
5.428571428571428825e+00
3.666666666666666519e+00
5.000000000000000000e+00
3.000000000000000000e+00
5.750000000000000000e+00
5.333333333333333037e+00
3.750000000000000000e+00
4.666666666666666963e+00
3.666666666666666519e+00
5.000000000000000000e+00
5.333333333333333037e+00
5.500000000000000000e+00
5.666666666666666963e+00
9.250000000000000000e+00
8.500000000000000000e+00
6.000000000000000000e+00
4.333333333333333037e+00
8.666666666666666075e+00
8.333333333333333925e+00
3.333333333333333481e+00
2.857142857142857206e+00
4.333333333333333037e+00
5.500000000000000000e+00
3.000000000000000000e+00
4.500000000000000000e+00
8.166666666666666075e+00
5.571428571428571175e+00
3.666666666666666519e+00
4.666666666666666963e+00
3.333333333333333481e+00
3.666666666666666519e+00
4.250000000000000000e+00
3.833333333333333481e+00
3.000000000000000000e+00
5.000000000000000000e+00
3.333333333333333481e+00
8.333333333333333925e+00
3.666666666666666519e+00
3.666666666666666519e+00
4.833333333333333037e+00
7.333333333333333037e+00
5.333333333333333037e+00
5.250000000000000000e+00
9.333333333333333925e+00
5.750000000000000000e+00
3.428571428571428381e+00
3.666666666666666519e+00
5.500000000000000000e+00
6.333333333333333037e+00
8.666666666666666075e+00
2.000000000000000000e+00
5.000000000000000000e+00
5.599999999999999645e+00
5.000000000000000000e+00
5.500000000000000000e+00
1.666666666666666741e+00
9.666666666666666075e+00
3.750000000000000000e+00
2.000000000000000000e+00
2.285714285714285587e+00
8.500000000000000000e+00
5.666666666666666963e+00
6.666666666666666963e+00
2.666666666666666519e+00
3.666666666666666519e+00
3.250000000000000000e+00
5.000000000000000000e+00
5.666666666666666963e+00
3.857142857142857206e+00
4.666666666666666963e+00
3.333333333333333481e+00
5.750000000000000000e+00
5.000000000000000000e+00
7.777777777777777679e+00
8.250000000000000000e+00
9.250000000000000000e+00
3.000000000000000000e+00
5.666666666666666963e+00
7.666666666666666963e+00
5.571428571428571175e+00
7.857142857142856762e+00
3.666666666666666519e+00
4.833333333333333037e+00
4.000000000000000000e+00
8.333333333333333925e+00
6.000000000000000000e+00
3.666666666666666519e+00
8.500000000000000000e+00
5.666666666666666963e+00
4.714285714285714413e+00
6.000000000000000000e+00
5.428571428571428825e+00
8.000000000000000000e+00
5.000000000000000000e+00
7.333333333333333037e+00
7.000000000000000000e+00
5.333333333333333037e+00
9.333333333333333925e+00
2.000000000000000000e+00
3.666666666666666519e+00
3.333333333333333481e+00
5.333333333333333037e+00
4.000000000000000000e+00
3.000000000000000000e+00
8.333333333333333925e+00
4.666666666666666963e+00
3.000000000000000000e+00
6.333333333333333037e+00
6.833333333333333037e+00
6.000000000000000000e+00
5.000000000000000000e+00
4.666666666666666963e+00
3.666666666666666519e+00
2.833333333333333481e+00
7.750000000000000000e+00
5.500000000000000000e+00
8.714285714285713524e+00
5.000000000000000000e+00
4.166666666666666963e+00
3.500000000000000000e+00
3.333333333333333481e+00
3.666666666666666519e+00
4.666666666666666963e+00
4.500000000000000000e+00
8.333333333333333925e+00
4.333333333333333037e+00
3.000000000000000000e+00
4.000000000000000000e+00
4.571428571428571175e+00
4.250000000000000000e+00
5.666666666666666963e+00
5.000000000000000000e+00
4.333333333333333037e+00
3.000000000000000000e+00
4.500000000000000000e+00
4.666666666666666963e+00
3.000000000000000000e+00
3.333333333333333481e+00
5.750000000000000000e+00
3.666666666666666519e+00
2.875000000000000000e+00
5.666666666666666963e+00
3.000000000000000000e+00
3.666666666666666519e+00
5.500000000000000000e+00
5.666666666666666963e+00
4.500000000000000000e+00
4.500000000000000000e+00
3.333333333333333481e+00
5.333333333333333037e+00
3.333333333333333481e+00
5.000000000000000000e+00
4.500000000000000000e+00
5.666666666666666963e+00
5.599999999999999645e+00
5.000000000000000000e+00
4.571428571428571175e+00
5.333333333333333037e+00
4.571428571428571175e+00
3.666666666666666519e+00
5.000000000000000000e+00
3.333333333333333481e+00
9.000000000000000000e+00
7.000000000000000000e+00
8.000000000000000000e+00
4.666666666666666963e+00
3.750000000000000000e+00
5.750000000000000000e+00
3.000000000000000000e+00
6.000000000000000000e+00
8.500000000000000000e+00
7.333333333333333037e+00
8.500000000000000000e+00
3.000000000000000000e+00
4.166666666666666963e+00
5.571428571428571175e+00
3.000000000000000000e+00
3.000000000000000000e+00
4.500000000000000000e+00
3.000000000000000000e+00
5.000000000000000000e+00
1.666666666666666741e+00
3.666666666666666519e+00
3.333333333333333481e+00
5.000000000000000000e+00
6.000000000000000000e+00
4.333333333333333037e+00
3.000000000000000000e+00
5.428571428571428825e+00
3.500000000000000000e+00
5.571428571428571175e+00
5.666666666666666963e+00
4.333333333333333037e+00
5.000000000000000000e+00
3.666666666666666519e+00
5.500000000000000000e+00
4.250000000000000000e+00
3.666666666666666519e+00
2.000000000000000000e+00
3.333333333333333481e+00
5.599999999999999645e+00
4.000000000000000000e+00
4.666666666666666963e+00
3.000000000000000000e+00
3.750000000000000000e+00
6.000000000000000000e+00
3.666666666666666519e+00
5.000000000000000000e+00
5.500000000000000000e+00
6.333333333333333037e+00
8.666666666666666075e+00
