0 1 2 |PI656015|0.006780254438503996
3 4 5 |PI642998|0.0007473479809473009
6 7 8 |PI330196|0.03880798683450414
9 10 11 |PI452692|0.020137568508768088
12 13 14 |PI533998|0.0026472256013510206
15 16 |PI542718|0.00775203287895374
17 18 19 |PI329403|0.03196423411871003
20 21 22 |PI329617|0.0034688195345062563
23 24 25 |PI563329|0.008246456248093443
26 27 28 |PI329570|0.0013932599390343399
29 30 31 |PI329710|0.03880798683450417
32 33 34 |PI619838|0.0034688195345062563
35 36 37 |PI329702|0.015248541967838836
38 39 40 |PI156268|0.02561198282744968
41 42 43 |PI570145|0.0162339550801614
44 45 46 |PI329569|0.015248541967838836
47 48 49 |PI563330|0.0068906958924034025
50 51 52 |PI656015|0.006780254438503996
53 54 55 |PI329584|0.02334267728114051
56 57 58 |PI251672|0.00914652746272954
59 60 61 |PI569423|0.02013756850876809
62 63 64 |PI533998|0.0026472256013510206
65 66 67 |PI329301|0.040322080194145564
68 69 70 |PI521290|0.09560298341561575
71 72 73 |PI585577|0.02334267728114051
74 75 76 |PI569427|0.05058770926783679
77 78 79 80 81 82 |PI154844|0.014930597555370484
83 84 85 |PI330181|0.020137568508768088
86 87 88 |PI329569|0.015248541967838836
89 90 91 |PI330185|0.010937081712520233
92 93 94 |PI152694|0.00474520062470676
95 96 97 |PI330168|0.015107453145340176
98 99 100 |PI563330|0.0068906958924034025
101 102 103 |PI550604|0.023342677281140634
104 105 106 |PI156487|0.0034688195345062567
107 108 109 |PI619838|0.0034688195345062563
110 111 112 |PI562970|0.03196423411871003
113 114 115 |PI526905|0.017005513034773646
116 117 118 |PI156203|0.02013756850876809
119 120 121 |PI181899|0.007375715116099822
122 123 124 |PI569446|0.02013756850876809
125 126 127 |PI329710|0.03880798683450417
128 129 130 |PI455217|0.030090425447943225
131 132 133 |PI569443|0.0034688195345062567
134 135 136 |PI570145|0.0162339550801614
137 138 139 |PI562732|0.0034688195345062567
140 141 142 143 144 145 |PI297155|0.0028864779263290813
146 147 148 |PI329702|0.015248541967838836
149 150 151 |PI452544|0.015741730692237107
152 153 154 |PI561840|0.014480900413714977
155 156 157 |PI329665|0.015248541967838944
158 159 160 |PI593916|0.0005814623450510704
161 162 163 |PI152963|0.0034688195345062563
164 165 |PI569421|0.0
166 167 168 |PI156393|0.0020870112491603956
169 170 171 |PI157804|0.004083248193656573
172 173 174 |PI329584|0.02334267728114051
175 176 177 |PI570109|0.026509027747117525
178 179 180 |PI656015|0.006780254438503996
181 182 183 |PI196049|0.0020870112491603956
184 185 186 |PI569148|0.045915345362415344
187 188 189 |PI329570|0.0013932599390343399
190 191 192 |PI576399|0.019782877331222196
193 194 195 |PI569452|0.020137568508768224
196 197 198 |PI181083|0.012160622192655816
199 200 |PI533792|0.0
201 202 203 |PI563332|0.03196423411871003
204 205 206 |PI540518|0.009146350050912707
207 |PI330182|0.0
208 209 210 |PI156268|0.02561198282744968
211 212 213 |PI329310|0.035190277889311485
214 215 216 |PI535794|0.025056963491999578
217 |PI329394|0.0
218 219 |PI542718|0.00775203287895374
220 221 222 |PI569097|0.02067208767721009
223 224 225 |PI329403|0.03196423411871003
226 227 228 |PI300119|0.0020870112491603956
229 230 231 |PI569422|0.015248541967838836
232 233 234 |PI156018|0.020137568508768224
235 236 237 |PI643016|0.017005513034773535
238 239 240 |PI92270|0.008562575047155173
241 242 243 |PI329519|0.005185483540299069
244 245 246 |PI329841|0.0034688195345062563
247 248 249 |PI329843|0.0
250 251 252 |PI452692|0.020137568508768088
253 254 255 |PI329256|0.028707428823619985
256 257 258 |PI329511|0.0020870112491603956
259 260 261 |PI642998|0.0007473479809473009
262 263 264 |PI329617|0.0034688195345062563
265 266 267 |PI562985|0.008246456248093443
268 269 270 |PI330196|0.03880798683450414
271 272 273 |PI152728|0.02334267728114051
274 275 276 |PI563329|0.008246456248093443
277 278 279 |PI585577|0.02334267728114051
280 281 282 |PI452692|0.020137568508768088
283 284 285 |PI521290|0.09560298341561575
286 287 288 |PI452544|0.015741730692237107
289 290 291 |PI563332|0.03196423411871003
292 293 294 |PI562732|0.0034688195345062567
295 296 297 298 299 300 |PI154844|0.014930597555370484
301 302 303 |PI563329|0.008246456248093443
304 305 306 |PI455217|0.030090425447943225
307 308 309 |PI562970|0.03196423411871003
310 311 312 |PI562985|0.008246456248093443
313 314 315 |PI563330|0.0068906958924034025
316 317 318 |PI562985|0.008246456248093443
319 320 321 |PI521290|0.09560298341561575
322 323 324 |PI562970|0.03196423411871003
325 326 327 |PI562732|0.0034688195345062567
328 329 330 |PI52606|0.008632595283956768
331 332 |PI533792|0.0
333 334 335 |PI576399|0.019782877331222196
336 337 338 |PI569148|0.045915345362415344
339 340 341 |PI330168|0.015107453145340176
342 |PI329394|0.0
343 344 345 |PI329841|0.0034688195345062563
346 347 348 |PI329301|0.040322080194145564
349 350 351 |PI329702|0.015248541967838836
352 353 354 |PI330196|0.03880798683450414
355 356 357 |PI329710|0.03880798683450417
358 359 360 |PI329519|0.005185483540299069
361 362 363 |PI569097|0.02067208767721009
364 365 366 |PI329617|0.0034688195345062563
367 368 369 |PI329570|0.0013932599390343399
370 371 372 |PI329843|0.0
373 374 375 |PI329665|0.015248541967838944
376 377 378 |PI329256|0.028707428823619985
379 380 381 |PI329569|0.015248541967838836
382 |PI330182|0.0
383 384 385 |PI330181|0.020137568508768088
386 387 388 |PI329310|0.035190277889311485
389 390 391 |PI329511|0.0020870112491603956
392 393 394 |PI329584|0.02334267728114051
395 396 397 |PI330185|0.010937081712520233
398 399 400 |PI329403|0.03196423411871003
