2.486146996806569920e+00
2.369085920821509816e+00
2.507248513918789889e+00
2.423032771538939922e+00
2.195871989459329932e+00
2.445059047392220020e+00
3.133708122514760053e+00
2.965338131814990064e+00
3.022411873455919995e+00
3.181454834729629866e+00
3.264172983683939933e+00
3.197743558683229903e+00
2.308863088365300076e+00
2.114744387545130166e+00
2.376668185810530076e+00
3.306377842377119958e+00
2.523720460375320052e+00
2.088632141846320067e+00
3.229287548178279899e+00
2.906954251102180198e+00
3.054306565848400101e+00
3.115853382426959861e+00
3.033512213872069818e+00
2.854919087830889879e+00
3.190967264158980132e+00
3.177553813650459968e+00
2.793182505770769986e+00
3.251660117096970115e+00
3.596143873584630057e+00
3.291741704018769976e+00
3.236413807576989932e+00
3.109726998275479826e+00
3.181025658850039850e+00
2.910149302250240044e+00
3.000321259065410029e+00
3.008135824605480124e+00
2.884302468708769940e+00
2.860906709581799934e+00
3.133848552111449859e+00
3.056210949954480061e+00
3.174946108475780182e+00
2.848497018090370148e+00
2.816519689651050040e+00
3.107023318633999942e+00
3.434562517303680007e+00
3.173599962699519939e+00
3.079658707422079811e+00
3.010927194714779986e+00
2.936378004243089812e+00
2.914951061127879939e+00
3.132406991584229861e+00
2.486146996806569920e+00
2.369085920821509816e+00
2.507248513918789889e+00
2.892027783014699871e+00
2.951454092271830199e+00
3.048317479644340189e+00
2.653714075441250042e+00
2.818093869146640174e+00
3.069420174965570070e+00
2.855167701365150190e+00
3.126731922925820140e+00
3.341697593706900005e+00
2.308863088365300076e+00
2.114744387545130166e+00
2.376668185810530076e+00
3.008706603445309824e+00
3.015539975373120019e+00
3.301789346768719824e+00
2.920092005847770178e+00
3.041222882306219955e+00
3.284692359751649970e+00
2.693674197402410098e+00
3.026050901272450133e+00
3.236005403843010164e+00
2.692150432813960048e+00
2.857869001144400123e+00
3.143411420524940159e+00
3.014533138995310058e+00
3.152009939688550144e+00
3.407242998192010042e+00
3.320378955745680205e+00
3.403746620978719939e+00
3.344435504468239895e+00
3.458131506485500051e+00
3.010227850984469988e+00
3.454437803948370078e+00
3.173599962699519939e+00
3.079658707422079811e+00
3.010927194714779986e+00
3.058274146685949990e+00
3.326409602787399944e+00
3.168040556367270000e+00
2.612783856719739894e+00
2.475584030184810214e+00
2.580582876814370152e+00
3.296777039587500013e+00
2.784074977478700141e+00
3.147401132381880018e+00
2.936378004243089812e+00
2.914951061127879939e+00
3.132406991584229861e+00
2.353531559077759905e+00
2.554791909742049949e+00
2.528106461140709804e+00
3.137929834522879879e+00
3.085162090849329797e+00
3.300473742649220110e+00
2.910149302250240044e+00
3.000321259065410029e+00
3.008135824605480124e+00
2.987840483936059943e+00
2.881356121373090051e+00
3.128396037348029957e+00
2.112169148001660002e+00
2.337479228394029995e+00
2.234061490766389824e+00
3.121635338555779793e+00
3.280623891512910006e+00
2.832310880372800099e+00
2.167966813395620029e+00
2.393610296355289879e+00
2.195595263005530207e+00
2.947154232589450196e+00
2.954469248469830056e+00
3.123694874818629952e+00
3.236413807576989932e+00
3.109726998275479826e+00
3.181025658850039850e+00
2.967772553220460185e+00
3.248529886048550086e+00
3.147302144358940179e+00
2.953904593413459789e+00
3.349780512464950011e+00
3.481449795018780158e+00
2.816519689651050040e+00
3.107023318633999942e+00
3.434562517303680007e+00
3.072029200827920192e+00
3.239459650433380133e+00
3.293439903074350195e+00
2.390617214336789864e+00
2.432616583903790097e+00
2.425811271981189954e+00
2.402502112664219869e+00
2.634950604715439848e+00
2.469218000420629888e+00
2.884302468708769940e+00
2.860906709581799934e+00
3.133848552111449859e+00
3.102971952048210191e+00
3.016987401876079833e+00
2.831409011495670036e+00
2.481915365108370075e+00
2.558048229082989788e+00
2.504851298180529984e+00
2.742709424167789845e+00
3.246459187219480125e+00
2.986973164367880074e+00
2.415991076232649970e+00
2.322839272686319845e+00
2.432456167811429815e+00
3.010270267525689825e+00
3.334061502660389920e+00
3.014785067003240115e+00
2.554682944147550039e+00
1.985201858364570082e+00
3.164424240791070098e+00
2.785208785253999952e+00
3.044528001357349911e+00
3.161062391027019913e+00
2.701153351101059918e+00
2.568788212315349817e+00
2.313128713845189921e+00
2.892027783014699871e+00
2.951454092271830199e+00
3.048317479644340189e+00
2.764049039678920128e+00
2.800662100817670197e+00
2.802041304739579797e+00
2.486146996806569920e+00
2.369085920821509816e+00
2.507248513918789889e+00
3.102440566519430121e+00
3.282662889788280136e+00
3.304544380397020031e+00
2.914284965166169972e+00
3.071241134344159907e+00
3.436021040774420054e+00
3.251660117096970115e+00
3.596143873584630057e+00
3.291741704018769976e+00
2.384102407948519797e+00
2.624096372027890034e+00
2.564938152655189985e+00
2.285557309007769877e+00
3.093582764529740015e+00
3.176348864033020192e+00
2.356274500903909885e+00
2.024033897900909817e+00
2.216007468108310174e+00
2.208172526667119939e+00
3.140291155900119868e+00
2.825997011647940038e+00
3.244581391518710056e+00
3.246818521210049990e+00
2.491991664182000132e+00
2.459437724411730031e+00
2.511080845539119810e+00
3.056210949954480061e+00
3.174946108475780182e+00
2.848497018090370148e+00
3.546915108655269933e+00
3.326415747377129861e+00
3.299653273815370103e+00
2.553458229380450195e+00
2.615487118398660105e+00
2.628971005345090095e+00
3.306377842377119958e+00
2.523720460375320052e+00
2.088632141846320067e+00
2.746501866839509809e+00
3.070595622907160038e+00
3.165656754517299998e+00
3.229287548178279899e+00
2.906954251102180198e+00
3.054306565848400101e+00
2.544378143957810146e+00
2.849468553249530078e+00
2.812304918361950179e+00
2.790017606911369796e+00
2.849013801023060122e+00
3.087674960036760119e+00
3.136371723492319852e+00
3.487504612772789780e+00
3.215000060038279983e+00
2.865613216555459974e+00
2.683983095679019826e+00
3.025035371273880003e+00
2.341038631677519799e+00
2.438336623263840153e+00
2.523473321528749924e+00
2.655301744947290210e+00
2.939039766528619868e+00
3.327840989095959934e+00
3.316909252164990107e+00
3.185326795657049903e+00
3.189248815891919886e+00
2.591676642141679920e+00
2.866836507191429906e+00
3.324245404898960032e+00
3.181454834729629866e+00
3.264172983683939933e+00
3.197743558683229903e+00
3.305144923008620061e+00
2.865761140043720179e+00
3.328827939014280091e+00
3.129422403000940101e+00
3.188740108088819802e+00
3.129461086327370190e+00
2.423032771538939922e+00
2.195871989459329932e+00
2.445059047392220020e+00
3.115853382426959861e+00
3.033512213872069818e+00
2.854919087830889879e+00
2.965695471367939984e+00
3.090801022470469839e+00
3.233425113448599841e+00
3.133708122514760053e+00
2.965338131814990064e+00
3.022411873455919995e+00
3.132029029448490043e+00
3.102176345980829808e+00
3.271304793488369889e+00
3.190967264158980132e+00
3.177553813650459968e+00
2.793182505770769986e+00
2.693674197402410098e+00
3.026050901272450133e+00
3.236005403843010164e+00
3.181454834729629866e+00
3.264172983683939933e+00
3.197743558683229903e+00
2.920092005847770178e+00
3.041222882306219955e+00
3.284692359751649970e+00
3.102971952048210191e+00
3.016987401876079833e+00
2.831409011495670036e+00
2.825997011647940038e+00
3.244581391518710056e+00
3.246818521210049990e+00
3.072029200827920192e+00
3.239459650433380133e+00
3.293439903074350195e+00
3.014533138995310058e+00
3.152009939688550144e+00
3.407242998192010042e+00
3.320378955745680205e+00
3.403746620978719939e+00
3.344435504468239895e+00
3.190967264158980132e+00
3.177553813650459968e+00
2.793182505770769986e+00
2.967772553220460185e+00
3.248529886048550086e+00
3.147302144358940179e+00
2.987840483936059943e+00
2.881356121373090051e+00
3.128396037348029957e+00
2.965695471367939984e+00
3.090801022470469839e+00
3.233425113448599841e+00
2.936378004243089812e+00
2.914951061127879939e+00
3.132406991584229861e+00
2.965695471367939984e+00
3.090801022470469839e+00
3.233425113448599841e+00
2.920092005847770178e+00
3.041222882306219955e+00
3.284692359751649970e+00
2.987840483936059943e+00
2.881356121373090051e+00
3.128396037348029957e+00
3.072029200827920192e+00
3.239459650433380133e+00
3.293439903074350195e+00
2.353242831433730142e+00
2.493220971651690210e+00
2.758313758324990150e+00
2.208172526667119939e+00
3.140291155900119868e+00
2.384102407948519797e+00
2.624096372027890034e+00
2.564938152655189985e+00
2.914284965166169972e+00
3.071241134344159907e+00
3.436021040774420054e+00
3.296777039587500013e+00
2.784074977478700141e+00
3.147401132381880018e+00
3.316909252164990107e+00
3.185326795657049903e+00
3.189248815891919886e+00
3.008706603445309824e+00
3.015539975373120019e+00
3.301789346768719824e+00
2.884302468708769940e+00
2.860906709581799934e+00
3.133848552111449859e+00
3.133708122514760053e+00
2.965338131814990064e+00
3.022411873455919995e+00
3.236413807576989932e+00
3.109726998275479826e+00
3.181025658850039850e+00
2.655301744947290210e+00
2.939039766528619868e+00
3.327840989095959934e+00
2.746501866839509809e+00
3.070595622907160038e+00
3.165656754517299998e+00
3.115853382426959861e+00
3.033512213872069818e+00
2.854919087830889879e+00
3.251660117096970115e+00
3.596143873584630057e+00
3.291741704018769976e+00
2.591676642141679920e+00
2.866836507191429906e+00
3.324245404898960032e+00
2.742709424167789845e+00
3.246459187219480125e+00
2.986973164367880074e+00
3.305144923008620061e+00
2.865761140043720179e+00
3.328827939014280091e+00
3.173599962699519939e+00
3.079658707422079811e+00
3.010927194714779986e+00
3.458131506485500051e+00
3.010227850984469988e+00
3.454437803948370078e+00
3.546915108655269933e+00
3.326415747377129861e+00
3.299653273815370103e+00
3.129422403000940101e+00
3.188740108088819802e+00
3.129461086327370190e+00
2.892027783014699871e+00
2.951454092271830199e+00
3.048317479644340189e+00
3.058274146685949990e+00
3.326409602787399944e+00
3.168040556367270000e+00
3.229287548178279899e+00
2.906954251102180198e+00
3.054306565848400101e+00
