0 1 2 |PI656015|0.0036930524073979904
3 4 5 |PI642998|0.012686818620470485
6 7 8 |PI330196|0.004888080089744846
9 10 11 |PI452692|0.0012800536889321077
12 13 14 |PI533998|0.012320408593937964
15 16 17 |PI542718|0.2538621126315059
18 19 20 |PI329403|0.017358867026905322
21 22 23 |PI329617|0.011862475422721582
24 25 26 |PI563329|0.03401710410907274
27 28 29 |PI329570|0.02365958588115798
30 31 32 |PI329710|0.0026889881855691393
33 34 35 |PI619838|0.001977045310414544
36 37 38 |PI329702|0.015257539854469412
39 40 41 |PI156268|0.018201347108109778
42 43 44 |PI570145|0.063739024658922
45 46 47 |PI329569|0.004445712191772437
48 49 50 |PI563330|0.00957483993998802
51 52 53 |PI656015|0.0036930524073979904
54 55 56 |PI329584|0.00414894125753178
57 58 59 |PI251672|0.029221909972993416
60 61 62 |PI569423|0.03962985579869854
63 64 65 |PI533998|0.012320408593937964
66 67 68 |PI329301|0.018653654670028403
69 70 71 |PI521290|0.022987054860664154
72 73 74 |PI585577|0.0498531448782756
75 76 77 |PI569427|0.03473706624278581
78 79 80 81 82 83 |PI154844|0.02065070358472611
84 85 86 |PI330181|0.04421709004020095
87 88 89 |PI329569|0.004445712191772437
90 91 92 |PI330185|0.012114004708564581
93 94 95 |PI152694|0.003431717033513186
96 97 98 |PI330168|0.04635360677564968
99 100 101 |PI563330|0.00957483993998802
102 103 104 |PI550604|0.007966026482984034
105 106 107 |PI156487|0.00839600713801987
108 109 110 |PI619838|0.001977045310414544
111 112 113 |PI562970|0.01023594479447695
114 115 116 |PI526905|0.008479733778567781
117 118 119 |PI156203|0.03444117311464325
120 121 122 |PI181899|0.010098696229169401
123 124 125 |PI569446|0.006650824492129455
126 127 128 |PI329710|0.0026889881855691393
129 130 131 |PI455217|0.013478067746519003
132 133 134 |PI569443|0.0502620536655445
135 136 137 |PI570145|0.063739024658922
138 139 140 |PI562732|0.008885502466614077
141 142 143 144 145 146 |PI297155|0.006788054189741364
147 148 149 |PI329702|0.015257539854469412
150 151 152 |PI452544|0.012842123614003316
153 154 155 |PI561840|0.0010169092733677367
156 157 158 |PI329665|0.04230684384516805
159 160 161 |PI593916|0.0023293579379445608
162 163 164 |PI152963|0.022977621081145694
165 166 167 |PI569421|0.2318509536791904
168 169 170 |PI156393|0.02467696142096879
171 172 173 |PI157804|0.025938380915702608
174 175 176 |PI329584|0.00414894125753178
177 178 179 |PI570109|0.000309536739316387
180 181 182 |PI656015|0.0036930524073979904
183 184 185 |PI196049|0.00820053744661664
186 187 188 |PI569148|0.04776757241882187
189 190 191 |PI329570|0.02365958588115798
192 193 194 |PI576399|0.010422040475277172
195 196 197 |PI569452|0.16147388427808643
198 199 200 |PI181083|0.018545834492361624
201 202 |PI533792|0.2172112847408017
203 204 205 |PI563332|0.03914540341457622
206 207 208 |PI540518|0.00045457419991440346
209 210 211 |PI156268|0.018201347108109778
212 213 214 |PI329310|0.012274957031511727
215 216 217 |PI535794|0.0010812864015448227
218 219 220 |PI542718|0.2538621126315059
221 222 223 |PI569097|0.0321960223699132
224 225 226 |PI329403|0.017358867026905322
227 228 229 |PI300119|0.01847178333805039
230 231 232 |PI569422|0.016559955512337795
233 234 235 |PI156018|0.02263727250038564
236 237 238 |PI643016|0.01941350876812073
239 240 241 |PI92270|0.005555285846588498
242 243 244 |PI329519|0.07599807672008994
245 246 247 |PI329841|0.0037362791214241475
248 249 250 |PI329843|0.09128809368932739
251 252 253 |PI452692|0.0012800536889321077
254 255 256 |PI329256|0.045338872698723505
257 258 259 |PI329511|0.0007813993393652034
260 261 262 |PI642998|0.012686818620470485
263 264 265 |PI329617|0.011862475422721582
266 267 268 |PI562985|0.011963576832515983
269 270 271 |PI330196|0.004888080089744846
272 273 274 |PI152728|0.005432594768380372
275 276 277 |PI563329|0.03401710410907274
278 279 280 |PI585577|0.0498531448782756
281 282 283 |PI452692|0.0012800536889321077
284 285 286 |PI521290|0.022987054860664154
287 288 289 |PI452544|0.012842123614003316
290 291 292 |PI563332|0.03914540341457622
293 294 295 |PI562732|0.008885502466614077
296 297 298 299 300 301 |PI154844|0.02065070358472611
302 303 304 |PI563329|0.03401710410907274
305 306 307 |PI455217|0.013478067746519003
308 309 310 |PI562970|0.01023594479447695
311 312 313 |PI562985|0.011963576832515983
314 315 316 |PI563330|0.00957483993998802
317 318 319 |PI562985|0.011963576832515983
320 321 322 |PI521290|0.022987054860664154
323 324 325 |PI562970|0.01023594479447695
326 327 328 |PI562732|0.008885502466614077
329 330 331 |PI52606|0.02821672456640435
332 333 |PI533792|0.2172112847408017
334 335 336 |PI576399|0.010422040475277172
337 338 339 |PI569148|0.04776757241882187
340 341 342 |PI330168|0.04635360677564968
343 344 345 |PI329841|0.0037362791214241475
346 347 348 |PI329301|0.018653654670028403
349 350 351 |PI329702|0.015257539854469412
352 353 354 |PI330196|0.004888080089744846
355 356 357 |PI329710|0.0026889881855691393
358 359 360 |PI329519|0.07599807672008994
361 362 363 |PI569097|0.0321960223699132
364 365 366 |PI329617|0.011862475422721582
367 368 369 |PI329570|0.02365958588115798
370 371 372 |PI329843|0.09128809368932739
373 374 375 |PI329665|0.04230684384516805
376 377 378 |PI329256|0.045338872698723505
379 380 381 |PI329569|0.004445712191772437
382 383 384 |PI330181|0.04421709004020095
385 386 387 |PI329310|0.012274957031511727
388 389 390 |PI329511|0.0007813993393652034
391 392 393 |PI329584|0.00414894125753178
394 395 396 |PI330185|0.012114004708564581
397 398 399 |PI329403|0.017358867026905322
