4.600000000000000000e+01
4.700000000000000000e+01
6.600000000000000000e+01
7.200000000000000000e+01
7.300000000000000000e+01
7.700000000000000000e+01
8.200000000000000000e+01
8.500000000000000000e+01
8.600000000000000000e+01
8.800000000000000000e+01
8.900000000000000000e+01
9.200000000000000000e+01
9.300000000000000000e+01
9.400000000000000000e+01
1.170000000000000000e+02
1.200000000000000000e+02
1.210000000000000000e+02
1.230000000000000000e+02
1.360000000000000000e+02
1.400000000000000000e+02
1.440000000000000000e+02
1.460000000000000000e+02
1.680000000000000000e+02
1.740000000000000000e+02
1.960000000000000000e+02
1.980000000000000000e+02
1.990000000000000000e+02
2.020000000000000000e+02
2.070000000000000000e+02
2.190000000000000000e+02
2.300000000000000000e+02
2.360000000000000000e+02
2.410000000000000000e+02
2.460000000000000000e+02
2.620000000000000000e+02
2.630000000000000000e+02
2.640000000000000000e+02
2.740000000000000000e+02
2.770000000000000000e+02
2.800000000000000000e+02
2.830000000000000000e+02
2.850000000000000000e+02
2.930000000000000000e+02
2.940000000000000000e+02
3.040000000000000000e+02
3.210000000000000000e+02
3.290000000000000000e+02
3.340000000000000000e+02
3.390000000000000000e+02
3.530000000000000000e+02
3.800000000000000000e+02
3.840000000000000000e+02
3.850000000000000000e+02
3.970000000000000000e+02
3.980000000000000000e+02
4.010000000000000000e+02
4.040000000000000000e+02
4.080000000000000000e+02
4.110000000000000000e+02
4.130000000000000000e+02
4.160000000000000000e+02
4.310000000000000000e+02
4.360000000000000000e+02
4.430000000000000000e+02
4.630000000000000000e+02
4.640000000000000000e+02
4.780000000000000000e+02
4.810000000000000000e+02
4.900000000000000000e+02
4.940000000000000000e+02
4.960000000000000000e+02
4.980000000000000000e+02
5.020000000000000000e+02
5.050000000000000000e+02
5.060000000000000000e+02
5.070000000000000000e+02
5.140000000000000000e+02
5.280000000000000000e+02
5.450000000000000000e+02
5.480000000000000000e+02
5.520000000000000000e+02
5.580000000000000000e+02
5.640000000000000000e+02
5.660000000000000000e+02
5.670000000000000000e+02
5.750000000000000000e+02
5.950000000000000000e+02
6.010000000000000000e+02
6.020000000000000000e+02
6.040000000000000000e+02
6.110000000000000000e+02
6.160000000000000000e+02
6.180000000000000000e+02
6.210000000000000000e+02
6.270000000000000000e+02
6.300000000000000000e+02
6.410000000000000000e+02
6.510000000000000000e+02
6.540000000000000000e+02
6.720000000000000000e+02
6.740000000000000000e+02
6.760000000000000000e+02
6.860000000000000000e+02
6.880000000000000000e+02
6.890000000000000000e+02
6.900000000000000000e+02
6.920000000000000000e+02
7.200000000000000000e+02
7.220000000000000000e+02
7.270000000000000000e+02
7.370000000000000000e+02
7.380000000000000000e+02
7.410000000000000000e+02
7.420000000000000000e+02
7.520000000000000000e+02
7.560000000000000000e+02
7.580000000000000000e+02
7.720000000000000000e+02
7.730000000000000000e+02
7.760000000000000000e+02
7.780000000000000000e+02
7.820000000000000000e+02
7.860000000000000000e+02
7.880000000000000000e+02
7.910000000000000000e+02
8.050000000000000000e+02
8.080000000000000000e+02
8.090000000000000000e+02
8.200000000000000000e+02
8.280000000000000000e+02
8.360000000000000000e+02
8.420000000000000000e+02
8.550000000000000000e+02
8.620000000000000000e+02
8.640000000000000000e+02
8.740000000000000000e+02
8.750000000000000000e+02
8.810000000000000000e+02
8.850000000000000000e+02
9.040000000000000000e+02
9.050000000000000000e+02
9.100000000000000000e+02
9.110000000000000000e+02
9.240000000000000000e+02
9.260000000000000000e+02
9.430000000000000000e+02
9.520000000000000000e+02
9.550000000000000000e+02
9.680000000000000000e+02
9.690000000000000000e+02
9.730000000000000000e+02
9.750000000000000000e+02
9.800000000000000000e+02
9.920000000000000000e+02
9.960000000000000000e+02
1.001000000000000000e+03
1.009000000000000000e+03
1.036000000000000000e+03
1.038000000000000000e+03
1.043000000000000000e+03
1.044000000000000000e+03
1.055000000000000000e+03
1.065000000000000000e+03
1.067000000000000000e+03
1.069000000000000000e+03
1.070000000000000000e+03
1.073000000000000000e+03
1.078000000000000000e+03
1.083000000000000000e+03
1.089000000000000000e+03
1.092000000000000000e+03
1.095000000000000000e+03
1.103000000000000000e+03
1.114000000000000000e+03
1.117000000000000000e+03
1.130000000000000000e+03
1.142000000000000000e+03
1.143000000000000000e+03
1.157000000000000000e+03
1.158000000000000000e+03
1.161000000000000000e+03
1.165000000000000000e+03
1.187000000000000000e+03
1.189000000000000000e+03
1.190000000000000000e+03
1.191000000000000000e+03
1.192000000000000000e+03
1.214000000000000000e+03
1.217000000000000000e+03
1.218000000000000000e+03
1.220000000000000000e+03
1.221000000000000000e+03
1.230000000000000000e+03
1.234000000000000000e+03
1.238000000000000000e+03
1.253000000000000000e+03
1.260000000000000000e+03
1.261000000000000000e+03
1.276000000000000000e+03
1.277000000000000000e+03
1.279000000000000000e+03
1.281000000000000000e+03
1.283000000000000000e+03
1.284000000000000000e+03
1.290000000000000000e+03
1.294000000000000000e+03
1.302000000000000000e+03
1.306000000000000000e+03
1.321000000000000000e+03
1.324000000000000000e+03
1.327000000000000000e+03
1.336000000000000000e+03
1.337000000000000000e+03
1.342000000000000000e+03
1.344000000000000000e+03
1.347000000000000000e+03
1.349000000000000000e+03
1.352000000000000000e+03
1.357000000000000000e+03
1.359000000000000000e+03
1.371000000000000000e+03
1.372000000000000000e+03
1.374000000000000000e+03
1.385000000000000000e+03
1.386000000000000000e+03
1.388000000000000000e+03
1.405000000000000000e+03
1.427000000000000000e+03
1.433000000000000000e+03
1.446000000000000000e+03
1.451000000000000000e+03
1.462000000000000000e+03
1.467000000000000000e+03
1.468000000000000000e+03
1.472000000000000000e+03
1.480000000000000000e+03
1.498000000000000000e+03
1.502000000000000000e+03
1.527000000000000000e+03
1.529000000000000000e+03
1.533000000000000000e+03
1.542000000000000000e+03
1.551000000000000000e+03
1.555000000000000000e+03
1.565000000000000000e+03
1.576000000000000000e+03
1.580000000000000000e+03
1.584000000000000000e+03
1.591000000000000000e+03
1.593000000000000000e+03
1.605000000000000000e+03
1.607000000000000000e+03
1.609000000000000000e+03
1.611000000000000000e+03
1.613000000000000000e+03
1.624000000000000000e+03
1.630000000000000000e+03
1.634000000000000000e+03
1.644000000000000000e+03
1.647000000000000000e+03
1.651000000000000000e+03
1.654000000000000000e+03
1.670000000000000000e+03
1.672000000000000000e+03
1.678000000000000000e+03
1.682000000000000000e+03
1.700000000000000000e+03
1.701000000000000000e+03
1.710000000000000000e+03
1.715000000000000000e+03
1.717000000000000000e+03
1.721000000000000000e+03
1.725000000000000000e+03
1.732000000000000000e+03
1.737000000000000000e+03
1.739000000000000000e+03
1.740000000000000000e+03
1.750000000000000000e+03
1.751000000000000000e+03
1.752000000000000000e+03
1.757000000000000000e+03
1.772000000000000000e+03
1.782000000000000000e+03
1.787000000000000000e+03
1.793000000000000000e+03
1.804000000000000000e+03
1.806000000000000000e+03
1.811000000000000000e+03
1.820000000000000000e+03
1.823000000000000000e+03
1.834000000000000000e+03
1.835000000000000000e+03
1.840000000000000000e+03
1.847000000000000000e+03
1.852000000000000000e+03
1.858000000000000000e+03
1.861000000000000000e+03
1.864000000000000000e+03
1.871000000000000000e+03
1.879000000000000000e+03
1.883000000000000000e+03
1.897000000000000000e+03
1.898000000000000000e+03
1.900000000000000000e+03
1.903000000000000000e+03
1.909000000000000000e+03
1.910000000000000000e+03
1.915000000000000000e+03
1.920000000000000000e+03
1.921000000000000000e+03
1.945000000000000000e+03
1.955000000000000000e+03
1.965000000000000000e+03
1.969000000000000000e+03
1.973000000000000000e+03
1.992000000000000000e+03
1.997000000000000000e+03
2.000000000000000000e+03
2.005000000000000000e+03
2.010000000000000000e+03
2.018000000000000000e+03
2.019000000000000000e+03
2.023000000000000000e+03
2.028000000000000000e+03
2.032000000000000000e+03
2.035000000000000000e+03
2.059000000000000000e+03
2.069000000000000000e+03
2.071000000000000000e+03
2.077000000000000000e+03
2.088000000000000000e+03
2.095000000000000000e+03
2.099000000000000000e+03
2.104000000000000000e+03
2.114000000000000000e+03
2.118000000000000000e+03
2.120000000000000000e+03
2.131000000000000000e+03
2.133000000000000000e+03
2.136000000000000000e+03
2.141000000000000000e+03
2.143000000000000000e+03
2.154000000000000000e+03
2.157000000000000000e+03
2.175000000000000000e+03
2.177000000000000000e+03
2.183000000000000000e+03
2.184000000000000000e+03
2.185000000000000000e+03
2.194000000000000000e+03
2.205000000000000000e+03
2.208000000000000000e+03
2.216000000000000000e+03
2.234000000000000000e+03
2.241000000000000000e+03
2.257000000000000000e+03
2.259000000000000000e+03
2.263000000000000000e+03
2.269000000000000000e+03
2.270000000000000000e+03
2.277000000000000000e+03
2.279000000000000000e+03
2.281000000000000000e+03
2.304000000000000000e+03
2.315000000000000000e+03
2.322000000000000000e+03
2.323000000000000000e+03
2.335000000000000000e+03
2.337000000000000000e+03
2.345000000000000000e+03
2.349000000000000000e+03
2.356000000000000000e+03
2.358000000000000000e+03
2.369000000000000000e+03
2.371000000000000000e+03
2.372000000000000000e+03
2.376000000000000000e+03
2.377000000000000000e+03
2.378000000000000000e+03
2.381000000000000000e+03
2.382000000000000000e+03
2.396000000000000000e+03
2.402000000000000000e+03
2.405000000000000000e+03
2.429000000000000000e+03
2.430000000000000000e+03
2.447000000000000000e+03
2.452000000000000000e+03
2.453000000000000000e+03
2.454000000000000000e+03
2.458000000000000000e+03
2.467000000000000000e+03
2.468000000000000000e+03
2.469000000000000000e+03
2.472000000000000000e+03
2.478000000000000000e+03
2.486000000000000000e+03
2.497000000000000000e+03
2.499000000000000000e+03
2.502000000000000000e+03
2.506000000000000000e+03
2.510000000000000000e+03
2.512000000000000000e+03
2.518000000000000000e+03
2.527000000000000000e+03
2.535000000000000000e+03
2.541000000000000000e+03
2.550000000000000000e+03
2.573000000000000000e+03
2.579000000000000000e+03
2.586000000000000000e+03
2.595000000000000000e+03
2.598000000000000000e+03
2.602000000000000000e+03
2.603000000000000000e+03
2.604000000000000000e+03
2.611000000000000000e+03
2.612000000000000000e+03
2.618000000000000000e+03
2.635000000000000000e+03
2.645000000000000000e+03
2.646000000000000000e+03
2.647000000000000000e+03
2.651000000000000000e+03
2.658000000000000000e+03
2.673000000000000000e+03
2.674000000000000000e+03
2.675000000000000000e+03
2.678000000000000000e+03
2.682000000000000000e+03
2.688000000000000000e+03
2.694000000000000000e+03
2.696000000000000000e+03
2.701000000000000000e+03
2.705000000000000000e+03
2.711000000000000000e+03
2.714000000000000000e+03
2.716000000000000000e+03
2.720000000000000000e+03
2.725000000000000000e+03
2.726000000000000000e+03
2.727000000000000000e+03
2.735000000000000000e+03
2.742000000000000000e+03
