37
38
65
66
77
84
105
127
133
134
155
166
216
236
252
261
266
271
316
348
395
398
423
435
447
450
484
503
518
528
531
539
553
560
573
586
609
627
644
670
702
709
728
731
742
751
760
789
875
905
918
949
958
962
1003
1053
1055
1065
1072
1108
1119
1123
1142
1170
1185
1203
1220
1227
1235
1239
1272
1290
1291
1347
1383
1394
1429
1438
1462
1470
1482
1499
1523
1528
1559
1573
1580
1598
1603
1606
1624
1633
1648
1657
1663
1665
1681
1690
1694
1702
1703
1724
1732
1800
1816
1890
1894
1901
1915
1992
1997
2016
2048
2108
2114
2119
2124
2127
2143
2148
2165
2167
2183
2195
2218
2228
2237
2251
2264
2278
2296
2299
2303
2324
2326
2358
2387
2404
2433
2454
2493
2497
2505
2517
2551
2563
2566
2573
2604
2607
2633
2670
2707
2738
2741
