7.460094694484769619e-03
7.460094694484769619e-03
7.460094694484769619e-03
7.460094694484769619e-03
7.460094694484769619e-03
7.460094694484769619e-03
7.460094694484769619e-03
7.460094694484769619e-03
7.460094694484769619e-03
6.310768709310421443e-02
6.310768709310421443e-02
6.310768709310421443e-02
6.310768709310421443e-02
6.310768709310421443e-02
6.310768709310421443e-02
6.310768709310421443e-02
6.310768709310421443e-02
6.310768709310421443e-02
6.310768709310421443e-02
6.310768709310421443e-02
6.310768709310421443e-02
6.310768709310421443e-02
6.310768709310421443e-02
6.310768709310421443e-02
1.151540932879220602e-02
1.151540932879220602e-02
1.151540932879220602e-02
1.151540932879220602e-02
1.151540932879220602e-02
1.151540932879220602e-02
1.151540932879220602e-02
1.151540932879220602e-02
1.151540932879220602e-02
1.151540932879220602e-02
1.151540932879220602e-02
1.151540932879220602e-02
1.151540932879220602e-02
1.151540932879220602e-02
3.282610068714095219e-03
3.282610068714095219e-03
3.282610068714095219e-03
3.282610068714095219e-03
3.282610068714095219e-03
1.232605637341275227e-02
1.232605637341275227e-02
1.232605637341275227e-02
1.232605637341275227e-02
1.232605637341275227e-02
2.157766492316682064e-02
2.157766492316682064e-02
2.157766492316682064e-02
2.157766492316682064e-02
2.157766492316682064e-02
1.862587930809209841e-02
1.862587930809209841e-02
1.862587930809209841e-02
1.862587930809209841e-02
1.862587930809209841e-02
1.862587930809209841e-02
1.862587930809209841e-02
1.862587930809209841e-02
1.862587930809209841e-02
1.862587930809209841e-02
1.808070283455533861e-02
1.808070283455533861e-02
1.808070283455533861e-02
1.808070283455533861e-02
1.808070283455533861e-02
1.808070283455533861e-02
1.808070283455533861e-02
1.808070283455533861e-02
1.808070283455533861e-02
1.808070283455533861e-02
1.808070283455533861e-02
1.332497211447025449e-04
1.332497211447025449e-04
4.993073287226292012e-03
4.993073287226292012e-03
4.993073287226292012e-03
2.038113087655845290e-04
2.038113087655845290e-04
4.713143308160434863e-02
4.713143308160434863e-02
4.713143308160434863e-02
4.713143308160434863e-02
4.713143308160434863e-02
4.713143308160434863e-02
4.713143308160434863e-02
4.713143308160434863e-02
1.225962565688773764e-01
1.225962565688773764e-01
1.225962565688773764e-01
1.225962565688773764e-01
1.225962565688773764e-01
1.225962565688773764e-01
1.225962565688773764e-01
1.225962565688773764e-01
1.225962565688773764e-01
2.974841483735510619e-02
2.974841483735510619e-02
2.974841483735510619e-02
2.974841483735510619e-02
2.974841483735510619e-02
2.974841483735510619e-02
2.974841483735510619e-02
2.974841483735510619e-02
2.974841483735510619e-02
2.974841483735510619e-02
2.974841483735510619e-02
2.974841483735510619e-02
2.308764544648499867e-02
2.308764544648499867e-02
2.308764544648499867e-02
2.308764544648499867e-02
2.308764544648499867e-02
2.503899730947161707e-03
2.503899730947161707e-03
2.783471085136786372e-02
2.783471085136786372e-02
2.783471085136786372e-02
2.783471085136786372e-02
2.783471085136786372e-02
2.783471085136786372e-02
2.783471085136786372e-02
2.783471085136786372e-02
2.783471085136786372e-02
2.783471085136786372e-02
2.783471085136786372e-02
2.783471085136786372e-02
2.783471085136786372e-02
1.513745807377321400e-03
1.513745807377321400e-03
1.831088012930898179e-02
1.831088012930898179e-02
1.831088012930898179e-02
1.831088012930898179e-02
1.831088012930898179e-02
1.831088012930898179e-02
1.831088012930898179e-02
1.831088012930898179e-02
1.831088012930898179e-02
1.831088012930898179e-02
1.831088012930898179e-02
1.831088012930898179e-02
1.831088012930898179e-02
1.757295877342035864e-02
1.757295877342035864e-02
1.757295877342035864e-02
1.757295877342035864e-02
1.757295877342035864e-02
1.757295877342035864e-02
1.757295877342035864e-02
1.757295877342035864e-02
1.757295877342035864e-02
1.757295877342035864e-02
1.757295877342035864e-02
8.880442637276636736e-04
8.880442637276636736e-04
8.880442637276636736e-04
8.880442637276636736e-04
1.203105133467087355e-02
1.203105133467087355e-02
1.203105133467087355e-02
1.203105133467087355e-02
1.203105133467087355e-02
1.203105133467087355e-02
1.203105133467087355e-02
1.203105133467087355e-02
1.203105133467087355e-02
1.203105133467087355e-02
1.203105133467087355e-02
1.203105133467087355e-02
2.365099615498548677e-03
2.365099615498548677e-03
3.720115651001316970e-02
3.720115651001316970e-02
3.720115651001316970e-02
3.720115651001316970e-02
3.720115651001316970e-02
3.720115651001316970e-02
3.720115651001316970e-02
3.720115651001316970e-02
3.720115651001316970e-02
3.720115651001316970e-02
6.719002894404620639e-04
6.719002894404620639e-04
4.095648549239329361e-02
4.095648549239329361e-02
4.095648549239329361e-02
4.095648549239329361e-02
4.095648549239329361e-02
4.095648549239329361e-02
4.095648549239329361e-02
4.095648549239329361e-02
4.095648549239329361e-02
4.095648549239329361e-02
4.095648549239329361e-02
4.095648549239329361e-02
1.053014933881734998e-02
1.053014933881734998e-02
1.053014933881734998e-02
1.053014933881734998e-02
1.053014933881734998e-02
1.053014933881734998e-02
1.053014933881734998e-02
1.053014933881734998e-02
1.053014933881734998e-02
1.053014933881734998e-02
1.053014933881734998e-02
1.053014933881734998e-02
1.053014933881734998e-02
1.965695832516423363e-03
1.965695832516423363e-03
2.070523638552892731e-01
2.070523638552892731e-01
2.070523638552892731e-01
2.070523638552892731e-01
2.070523638552892731e-01
2.070523638552892731e-01
2.070523638552892731e-01
2.070523638552892731e-01
2.070523638552892731e-01
2.070523638552892731e-01
2.070523638552892731e-01
2.070523638552892731e-01
2.070523638552892731e-01
2.070523638552892731e-01
2.070523638552892731e-01
2.070523638552892731e-01
2.070523638552892731e-01
2.070523638552892731e-01
2.070523638552892731e-01
2.070523638552892731e-01
2.070523638552892731e-01
2.357101935133839514e-04
2.357101935133839514e-04
5.655777041676366204e-03
5.655777041676366204e-03
4.713143308160434863e-02
4.713143308160434863e-02
4.713143308160434863e-02
4.713143308160434863e-02
4.713143308160434863e-02
4.713143308160434863e-02
4.713143308160434863e-02
4.713143308160434863e-02
6.955356281219072546e-03
6.955356281219072546e-03
1.151540932879220602e-02
1.151540932879220602e-02
1.151540932879220602e-02
1.151540932879220602e-02
1.151540932879220602e-02
1.151540932879220602e-02
1.151540932879220602e-02
1.151540932879220602e-02
1.151540932879220602e-02
1.151540932879220602e-02
1.151540932879220602e-02
1.151540932879220602e-02
1.151540932879220602e-02
1.151540932879220602e-02
1.040611014979072810e-02
1.040611014979072810e-02
1.040611014979072810e-02
1.040611014979072810e-02
1.040611014979072810e-02
2.274110324739729279e-04
2.274110324739729279e-04
1.010566033530672751e-02
1.010566033530672751e-02
1.010566033530672751e-02
1.010566033530672751e-02
1.010566033530672751e-02
1.010566033530672751e-02
1.010566033530672751e-02
1.010566033530672751e-02
1.010566033530672751e-02
2.992268067914304573e-03
2.992268067914304573e-03
2.992268067914304573e-03
2.992268067914304573e-03
2.992268067914304573e-03
2.992268067914304573e-03
2.992268067914304573e-03
2.992268067914304573e-03
1.276875540281316272e-02
1.276875540281316272e-02
1.276875540281316272e-02
1.276875540281316272e-02
1.276875540281316272e-02
1.276875540281316272e-02
1.276875540281316272e-02
1.276875540281316272e-02
1.276875540281316272e-02
1.276875540281316272e-02
1.276875540281316272e-02
1.276875540281316272e-02
1.276875540281316272e-02
1.276875540281316272e-02
5.194999028006980213e-02
5.194999028006980213e-02
5.194999028006980213e-02
5.194999028006980213e-02
5.194999028006980213e-02
5.194999028006980213e-02
5.194999028006980213e-02
5.194999028006980213e-02
5.194999028006980213e-02
5.194999028006980213e-02
5.194999028006980213e-02
5.194999028006980213e-02
1.180652059362912246e-02
1.180652059362912246e-02
2.359638076551147032e-02
2.359638076551147032e-02
2.359638076551147032e-02
2.359638076551147032e-02
2.359638076551147032e-02
2.274110324739729279e-04
2.274110324739729279e-04
5.280338493966542021e-03
5.280338493966542021e-03
3.690164635691180368e-03
3.690164635691180368e-03
4.444573410527768303e-03
4.444573410527768303e-03
4.713143308160434863e-02
4.713143308160434863e-02
4.713143308160434863e-02
4.713143308160434863e-02
4.713143308160434863e-02
4.713143308160434863e-02
4.713143308160434863e-02
4.713143308160434863e-02
1.808070283455533861e-02
1.808070283455533861e-02
1.808070283455533861e-02
1.808070283455533861e-02
1.808070283455533861e-02
1.808070283455533861e-02
1.808070283455533861e-02
1.808070283455533861e-02
1.808070283455533861e-02
1.808070283455533861e-02
1.808070283455533861e-02
2.907103382607910749e-02
2.907103382607910749e-02
2.907103382607910749e-02
2.907103382607910749e-02
2.907103382607910749e-02
2.907103382607910749e-02
2.907103382607910749e-02
2.907103382607910749e-02
2.907103382607910749e-02
2.907103382607910749e-02
2.907103382607910749e-02
2.907103382607910749e-02
2.907103382607910749e-02
2.907103382607910749e-02
3.662416492311999783e-02
3.662416492311999783e-02
3.662416492311999783e-02
3.662416492311999783e-02
3.662416492311999783e-02
4.146730743619133491e-02
4.146730743619133491e-02
4.146730743619133491e-02
4.146730743619133491e-02
4.146730743619133491e-02
4.146730743619133491e-02
4.146730743619133491e-02
4.146730743619133491e-02
4.146730743619133491e-02
4.146730743619133491e-02
4.146730743619133491e-02
4.146730743619133491e-02
3.651146075144706075e-03
3.651146075144706075e-03
1.593117520598409881e-03
1.593117520598409881e-03
3.788406983110064515e-03
3.788406983110064515e-03
2.677647737442498399e-02
2.677647737442498399e-02
2.677647737442498399e-02
2.677647737442498399e-02
2.677647737442498399e-02
1.425170742096537775e-03
1.425170742096537775e-03
5.693004423461057312e-02
5.693004423461057312e-02
5.693004423461057312e-02
5.693004423461057312e-02
5.693004423461057312e-02
5.693004423461057312e-02
5.693004423461057312e-02
5.693004423461057312e-02
5.693004423461057312e-02
5.693004423461057312e-02
5.693004423461057312e-02
5.693004423461057312e-02
5.693004423461057312e-02
5.693004423461057312e-02
5.693004423461057312e-02
5.693004423461057312e-02
5.693004423461057312e-02
2.568172377927424588e-01
2.568172377927424588e-01
2.568172377927424588e-01
2.568172377927424588e-01
2.568172377927424588e-01
2.568172377927424588e-01
2.568172377927424588e-01
2.568172377927424588e-01
2.568172377927424588e-01
2.568172377927424588e-01
2.568172377927424588e-01
2.568172377927424588e-01
2.568172377927424588e-01
2.568172377927424588e-01
2.568172377927424588e-01
2.568172377927424588e-01
2.568172377927424588e-01
2.568172377927424588e-01
2.568172377927424588e-01
2.568172377927424588e-01
2.568172377927424588e-01
2.568172377927424588e-01
2.568172377927424588e-01
2.568172377927424588e-01
4.015705900769395327e-03
4.015705900769395327e-03
4.015705900769395327e-03
4.015705900769395327e-03
4.015705900769395327e-03
4.015705900769395327e-03
4.015705900769395327e-03
4.015705900769395327e-03
4.015705900769395327e-03
1.053014933881734998e-02
1.053014933881734998e-02
1.053014933881734998e-02
1.053014933881734998e-02
1.053014933881734998e-02
1.053014933881734998e-02
1.053014933881734998e-02
1.053014933881734998e-02
1.053014933881734998e-02
1.053014933881734998e-02
1.053014933881734998e-02
1.053014933881734998e-02
1.053014933881734998e-02
4.774960852466663547e-02
4.774960852466663547e-02
4.774960852466663547e-02
4.774960852466663547e-02
4.774960852466663547e-02
4.774960852466663547e-02
4.774960852466663547e-02
4.774960852466663547e-02
4.774960852466663547e-02
4.774960852466663547e-02
4.774960852466663547e-02
4.774960852466663547e-02
3.227168637545212160e-02
3.227168637545212160e-02
3.227168637545212160e-02
3.227168637545212160e-02
3.227168637545212160e-02
2.485172456913982073e-02
2.485172456913982073e-02
2.485172456913982073e-02
2.485172456913982073e-02
2.485172456913982073e-02
2.485172456913982073e-02
2.485172456913982073e-02
2.485172456913982073e-02
2.485172456913982073e-02
2.485172456913982073e-02
2.485172456913982073e-02
2.070523638552892731e-01
2.070523638552892731e-01
2.070523638552892731e-01
2.070523638552892731e-01
2.070523638552892731e-01
2.070523638552892731e-01
2.070523638552892731e-01
2.070523638552892731e-01
2.070523638552892731e-01
2.070523638552892731e-01
2.070523638552892731e-01
2.070523638552892731e-01
2.070523638552892731e-01
2.070523638552892731e-01
2.070523638552892731e-01
2.070523638552892731e-01
2.070523638552892731e-01
2.070523638552892731e-01
2.070523638552892731e-01
2.070523638552892731e-01
2.070523638552892731e-01
4.993073287226292012e-03
4.993073287226292012e-03
4.993073287226292012e-03
6.897860194998661765e-03
6.897860194998661765e-03
6.897860194998661765e-03
6.897860194998661765e-03
6.897860194998661765e-03
6.897860194998661765e-03
6.897860194998661765e-03
6.897860194998661765e-03
6.897860194998661765e-03
5.969142000565005879e-02
5.969142000565005879e-02
5.969142000565005879e-02
5.969142000565005879e-02
5.969142000565005879e-02
5.969142000565005879e-02
5.969142000565005879e-02
5.969142000565005879e-02
5.969142000565005879e-02
5.969142000565005879e-02
5.969142000565005879e-02
5.969142000565005879e-02
2.365099615498548677e-03
2.365099615498548677e-03
1.587661088468355838e-02
1.587661088468355838e-02
1.587661088468355838e-02
1.587661088468355838e-02
1.587661088468355838e-02
8.571045553670074424e-03
8.571045553670074424e-03
8.571045553670074424e-03
8.571045553670074424e-03
8.571045553670074424e-03
8.571045553670074424e-03
8.571045553670074424e-03
8.571045553670074424e-03
8.571045553670074424e-03
8.571045553670074424e-03
2.357101935133839514e-04
2.357101935133839514e-04
6.472872638180629176e-03
6.472872638180629176e-03
1.276875540281316272e-02
1.276875540281316272e-02
1.276875540281316272e-02
1.276875540281316272e-02
1.276875540281316272e-02
1.276875540281316272e-02
1.276875540281316272e-02
1.276875540281316272e-02
1.276875540281316272e-02
1.276875540281316272e-02
1.276875540281316272e-02
1.276875540281316272e-02
1.276875540281316272e-02
1.276875540281316272e-02
3.842201826472970712e-05
3.842201826472970712e-05
8.880442637276636736e-04
8.880442637276636736e-04
8.880442637276636736e-04
8.880442637276636736e-04
1.087052301732107339e-02
1.087052301732107339e-02
1.087052301732107339e-02
1.087052301732107339e-02
1.087052301732107339e-02
1.087052301732107339e-02
1.087052301732107339e-02
1.087052301732107339e-02
1.087052301732107339e-02
1.087052301732107339e-02
1.087052301732107339e-02
2.379259801197287638e-01
2.379259801197287638e-01
2.379259801197287638e-01
2.379259801197287638e-01
2.379259801197287638e-01
2.379259801197287638e-01
2.379259801197287638e-01
2.379259801197287638e-01
2.379259801197287638e-01
2.379259801197287638e-01
2.379259801197287638e-01
2.379259801197287638e-01
2.379259801197287638e-01
2.379259801197287638e-01
2.379259801197287638e-01
2.379259801197287638e-01
2.379259801197287638e-01
2.379259801197287638e-01
2.379259801197287638e-01
2.379259801197287638e-01
2.379259801197287638e-01
2.038113087655845290e-04
2.038113087655845290e-04
7.460094694484769619e-03
7.460094694484769619e-03
7.460094694484769619e-03
7.460094694484769619e-03
7.460094694484769619e-03
7.460094694484769619e-03
7.460094694484769619e-03
7.460094694484769619e-03
7.460094694484769619e-03
1.464737441918683748e-03
1.464737441918683748e-03
2.805034860842319303e-02
2.805034860842319303e-02
2.805034860842319303e-02
2.805034860842319303e-02
2.805034860842319303e-02
2.805034860842319303e-02
2.805034860842319303e-02
2.805034860842319303e-02
2.805034860842319303e-02
2.805034860842319303e-02
2.805034860842319303e-02
2.805034860842319303e-02
2.805034860842319303e-02
2.805034860842319303e-02
2.805034860842319303e-02
6.719002894404620639e-04
6.719002894404620639e-04
9.882746510067779360e-07
9.882746510067779360e-07
2.581278835502592850e-02
2.581278835502592850e-02
2.581278835502592850e-02
2.581278835502592850e-02
2.581278835502592850e-02
1.162609010488236698e-05
1.162609010488236698e-05
2.606811991260002143e-03
2.606811991260002143e-03
3.141585659508864398e-02
3.141585659508864398e-02
3.141585659508864398e-02
3.141585659508864398e-02
3.141585659508864398e-02
3.141585659508864398e-02
3.141585659508864398e-02
3.141585659508864398e-02
3.141585659508864398e-02
3.141585659508864398e-02
3.141585659508864398e-02
3.141585659508864398e-02
3.141585659508864398e-02
3.141585659508864398e-02
3.141585659508864398e-02
3.141585659508864398e-02
3.141585659508864398e-02
3.141585659508864398e-02
3.141585659508864398e-02
3.141585659508864398e-02
1.325007931634669678e-01
1.325007931634669678e-01
1.325007931634669678e-01
1.325007931634669678e-01
1.325007931634669678e-01
1.325007931634669678e-01
1.325007931634669678e-01
1.325007931634669678e-01
1.325007931634669678e-01
1.757295877342035864e-02
1.757295877342035864e-02
1.757295877342035864e-02
1.757295877342035864e-02
1.757295877342035864e-02
1.757295877342035864e-02
1.757295877342035864e-02
1.757295877342035864e-02
1.757295877342035864e-02
1.757295877342035864e-02
1.757295877342035864e-02
2.747070589258497793e-03
2.747070589258497793e-03
3.273088552517194709e-03
3.273088552517194709e-03
6.458698147595366701e-02
6.458698147595366701e-02
6.458698147595366701e-02
6.458698147595366701e-02
6.458698147595366701e-02
6.458698147595366701e-02
6.458698147595366701e-02
6.458698147595366701e-02
6.458698147595366701e-02
1.286085485517571014e-01
1.286085485517571014e-01
1.286085485517571014e-01
1.286085485517571014e-01
1.286085485517571014e-01
1.010566033530672751e-02
1.010566033530672751e-02
1.010566033530672751e-02
1.010566033530672751e-02
1.010566033530672751e-02
1.010566033530672751e-02
1.010566033530672751e-02
1.010566033530672751e-02
1.010566033530672751e-02
4.095648549239329361e-02
4.095648549239329361e-02
4.095648549239329361e-02
4.095648549239329361e-02
4.095648549239329361e-02
4.095648549239329361e-02
4.095648549239329361e-02
4.095648549239329361e-02
4.095648549239329361e-02
4.095648549239329361e-02
4.095648549239329361e-02
4.095648549239329361e-02
6.310768709310421443e-02
6.310768709310421443e-02
6.310768709310421443e-02
6.310768709310421443e-02
6.310768709310421443e-02
6.310768709310421443e-02
6.310768709310421443e-02
6.310768709310421443e-02
6.310768709310421443e-02
6.310768709310421443e-02
6.310768709310421443e-02
6.310768709310421443e-02
6.310768709310421443e-02
6.310768709310421443e-02
6.310768709310421443e-02
3.020579869226395001e-02
3.020579869226395001e-02
3.020579869226395001e-02
3.020579869226395001e-02
3.020579869226395001e-02
3.020579869226395001e-02
3.020579869226395001e-02
3.020579869226395001e-02
3.020579869226395001e-02
7.477057719572331035e-03
7.477057719572331035e-03
1.965695832516423363e-03
1.965695832516423363e-03
1.193108322378448431e-02
1.193108322378448431e-02
1.193108322378448431e-02
1.193108322378448431e-02
1.193108322378448431e-02
1.193108322378448431e-02
1.193108322378448431e-02
1.193108322378448431e-02
1.193108322378448431e-02
1.193108322378448431e-02
1.193108322378448431e-02
1.193108322378448431e-02
1.193108322378448431e-02
1.193108322378448431e-02
1.193108322378448431e-02
1.193108322378448431e-02
1.193108322378448431e-02
5.474556774134424313e-03
5.474556774134424313e-03
5.474556774134424313e-03
5.474556774134424313e-03
5.474556774134424313e-03
5.474556774134424313e-03
5.474556774134424313e-03
5.474556774134424313e-03
5.474556774134424313e-03
5.474556774134424313e-03
7.191729808906584080e-03
7.191729808906584080e-03
7.191729808906584080e-03
7.191729808906584080e-03
7.191729808906584080e-03
7.191729808906584080e-03
7.191729808906584080e-03
7.191729808906584080e-03
7.191729808906584080e-03
6.955356281219072546e-03
6.955356281219072546e-03
1.203105133467087355e-02
1.203105133467087355e-02
1.203105133467087355e-02
1.203105133467087355e-02
1.203105133467087355e-02
1.203105133467087355e-02
1.203105133467087355e-02
1.203105133467087355e-02
1.203105133467087355e-02
1.203105133467087355e-02
1.203105133467087355e-02
1.203105133467087355e-02
2.596364377992915404e-02
2.596364377992915404e-02
2.596364377992915404e-02
2.596364377992915404e-02
2.596364377992915404e-02
2.596364377992915404e-02
2.596364377992915404e-02
2.596364377992915404e-02
2.596364377992915404e-02
2.596364377992915404e-02
2.596364377992915404e-02
2.229160051118955418e-02
2.229160051118955418e-02
2.229160051118955418e-02
2.229160051118955418e-02
2.229160051118955418e-02
2.229160051118955418e-02
2.229160051118955418e-02
2.229160051118955418e-02
2.229160051118955418e-02
2.229160051118955418e-02
2.229160051118955418e-02
2.229160051118955418e-02
2.568245861716430406e-02
2.568245861716430406e-02
2.568245861716430406e-02
2.568245861716430406e-02
2.568245861716430406e-02
5.135150798936318622e-02
5.135150798936318622e-02
5.135150798936318622e-02
5.135150798936318622e-02
5.135150798936318622e-02
5.135150798936318622e-02
5.135150798936318622e-02
5.135150798936318622e-02
5.135150798936318622e-02
2.269735592010039063e-02
2.269735592010039063e-02
2.269735592010039063e-02
2.269735592010039063e-02
2.269735592010039063e-02
2.269735592010039063e-02
2.269735592010039063e-02
2.269735592010039063e-02
2.269735592010039063e-02
2.269735592010039063e-02
2.269735592010039063e-02
2.269735592010039063e-02
9.246384574872823503e-02
9.246384574872823503e-02
9.246384574872823503e-02
9.246384574872823503e-02
9.246384574872823503e-02
2.300605109957302649e-02
2.300605109957302649e-02
2.300605109957302649e-02
2.300605109957302649e-02
2.300605109957302649e-02
5.742076025410565443e-02
5.742076025410565443e-02
5.742076025410565443e-02
5.742076025410565443e-02
5.742076025410565443e-02
5.742076025410565443e-02
5.742076025410565443e-02
5.742076025410565443e-02
5.742076025410565443e-02
5.742076025410565443e-02
7.752041358133918668e-03
7.752041358133918668e-03
7.752041358133918668e-03
7.752041358133918668e-03
7.752041358133918668e-03
7.752041358133918668e-03
7.752041358133918668e-03
7.752041358133918668e-03
7.752041358133918668e-03
7.752041358133918668e-03
7.752041358133918668e-03
1.040611014979072810e-02
1.040611014979072810e-02
1.040611014979072810e-02
1.040611014979072810e-02
1.040611014979072810e-02
2.984619592296465854e-02
2.984619592296465854e-02
2.984619592296465854e-02
2.984619592296465854e-02
2.984619592296465854e-02
1.151540932879220602e-02
1.151540932879220602e-02
1.151540932879220602e-02
1.151540932879220602e-02
1.151540932879220602e-02
1.151540932879220602e-02
1.151540932879220602e-02
1.151540932879220602e-02
1.151540932879220602e-02
1.151540932879220602e-02
1.151540932879220602e-02
1.151540932879220602e-02
1.151540932879220602e-02
1.151540932879220602e-02
1.332497211447025449e-04
1.332497211447025449e-04
3.282610068714095219e-03
3.282610068714095219e-03
3.282610068714095219e-03
3.282610068714095219e-03
3.282610068714095219e-03
1.389281110262291161e-02
1.389281110262291161e-02
1.389281110262291161e-02
1.389281110262291161e-02
1.389281110262291161e-02
1.389281110262291161e-02
1.389281110262291161e-02
1.389281110262291161e-02
1.389281110262291161e-02
1.389281110262291161e-02
1.389281110262291161e-02
1.389281110262291161e-02
1.389281110262291161e-02
1.389281110262291161e-02
5.611956113188467515e-02
5.611956113188467515e-02
5.611956113188467515e-02
5.611956113188467515e-02
5.611956113188467515e-02
5.611956113188467515e-02
5.611956113188467515e-02
5.611956113188467515e-02
5.611956113188467515e-02
5.611956113188467515e-02
5.611956113188467515e-02
5.611956113188467515e-02
5.611956113188467515e-02
5.611956113188467515e-02
1.831088012930898179e-02
1.831088012930898179e-02
1.831088012930898179e-02
1.831088012930898179e-02
1.831088012930898179e-02
1.831088012930898179e-02
1.831088012930898179e-02
1.831088012930898179e-02
1.831088012930898179e-02
1.831088012930898179e-02
1.831088012930898179e-02
1.831088012930898179e-02
1.831088012930898179e-02
1.159179931605344160e-01
1.159179931605344160e-01
1.159179931605344160e-01
1.159179931605344160e-01
1.159179931605344160e-01
1.159179931605344160e-01
1.159179931605344160e-01
1.159179931605344160e-01
1.159179931605344160e-01
1.159179931605344160e-01
1.159179931605344160e-01
1.159179931605344160e-01
1.159179931605344160e-01
1.159179931605344160e-01
1.159179931605344160e-01
1.159179931605344160e-01
1.159179931605344160e-01
1.159179931605344160e-01
1.159179931605344160e-01
5.186255971815965232e-02
5.186255971815965232e-02
5.186255971815965232e-02
5.186255971815965232e-02
5.186255971815965232e-02
5.186255971815965232e-02
5.186255971815965232e-02
5.186255971815965232e-02
5.186255971815965232e-02
5.186255971815965232e-02
5.186255971815965232e-02
5.186255971815965232e-02
5.186255971815965232e-02
5.186255971815965232e-02
4.623938218913178910e-02
4.623938218913178910e-02
4.623938218913178910e-02
4.623938218913178910e-02
4.623938218913178910e-02
4.623938218913178910e-02
4.623938218913178910e-02
4.623938218913178910e-02
4.623938218913178910e-02
4.623938218913178910e-02
4.623938218913178910e-02
2.231747696729296029e-02
2.231747696729296029e-02
2.231747696729296029e-02
2.231747696729296029e-02
2.231747696729296029e-02
2.231747696729296029e-02
2.231747696729296029e-02
2.231747696729296029e-02
2.231747696729296029e-02
2.231747696729296029e-02
2.231747696729296029e-02
2.231747696729296029e-02
2.231747696729296029e-02
2.231747696729296029e-02
2.231747696729296029e-02
2.231747696729296029e-02
2.231747696729296029e-02
1.125845658640292277e-02
1.125845658640292277e-02
1.125845658640292277e-02
1.125845658640292277e-02
1.125845658640292277e-02
1.125845658640292277e-02
1.125845658640292277e-02
1.125845658640292277e-02
1.125845658640292277e-02
6.674335690084605421e-02
6.674335690084605421e-02
6.674335690084605421e-02
6.674335690084605421e-02
6.674335690084605421e-02
6.674335690084605421e-02
6.674335690084605421e-02
6.674335690084605421e-02
6.674335690084605421e-02
6.674335690084605421e-02
6.674335690084605421e-02
6.674335690084605421e-02
6.674335690084605421e-02
6.674335690084605421e-02
6.674335690084605421e-02
6.674335690084605421e-02
6.674335690084605421e-02
6.674335690084605421e-02
6.674335690084605421e-02
6.674335690084605421e-02
5.234874736192803024e-02
5.234874736192803024e-02
5.234874736192803024e-02
5.234874736192803024e-02
5.234874736192803024e-02
5.234874736192803024e-02
5.234874736192803024e-02
5.234874736192803024e-02
5.234874736192803024e-02
5.234874736192803024e-02
5.234874736192803024e-02
5.234874736192803024e-02
5.234874736192803024e-02
5.234874736192803024e-02
8.210696755700727656e-02
8.210696755700727656e-02
8.210696755700727656e-02
8.210696755700727656e-02
8.210696755700727656e-02
8.210696755700727656e-02
8.210696755700727656e-02
8.210696755700727656e-02
8.210696755700727656e-02
8.210696755700727656e-02
8.210696755700727656e-02
1.477686445210895649e-01
1.477686445210895649e-01
1.477686445210895649e-01
1.477686445210895649e-01
1.477686445210895649e-01
1.477686445210895649e-01
1.477686445210895649e-01
1.477686445210895649e-01
1.477686445210895649e-01
1.477686445210895649e-01
1.477686445210895649e-01
1.477686445210895649e-01
1.477686445210895649e-01
1.477686445210895649e-01
1.477686445210895649e-01
1.477686445210895649e-01
1.477686445210895649e-01
1.477686445210895649e-01
2.503899730947161707e-03
2.503899730947161707e-03
1.067457421336187682e-04
1.067457421336187682e-04
1.208309815665509039e-02
1.208309815665509039e-02
1.208309815665509039e-02
1.208309815665509039e-02
1.208309815665509039e-02
1.208309815665509039e-02
1.208309815665509039e-02
9.022018111398312154e-03
9.022018111398312154e-03
9.022018111398312154e-03
9.022018111398312154e-03
9.022018111398312154e-03
9.022018111398312154e-03
9.022018111398312154e-03
9.022018111398312154e-03
9.022018111398312154e-03
3.720115651001316970e-02
3.720115651001316970e-02
3.720115651001316970e-02
3.720115651001316970e-02
3.720115651001316970e-02
3.720115651001316970e-02
3.720115651001316970e-02
3.720115651001316970e-02
3.720115651001316970e-02
3.720115651001316970e-02
8.341671803824474152e-02
8.341671803824474152e-02
8.341671803824474152e-02
8.341671803824474152e-02
8.341671803824474152e-02
8.341671803824474152e-02
8.341671803824474152e-02
8.341671803824474152e-02
8.341671803824474152e-02
8.341671803824474152e-02
8.341671803824474152e-02
8.341671803824474152e-02
7.198914604174332793e-03
7.198914604174332793e-03
7.243223837367025568e-03
7.243223837367025568e-03
7.243223837367025568e-03
7.243223837367025568e-03
7.243223837367025568e-03
7.243223837367025568e-03
7.243223837367025568e-03
7.243223837367025568e-03
7.243223837367025568e-03
2.290103365654964918e-02
2.290103365654964918e-02
2.290103365654964918e-02
2.290103365654964918e-02
2.290103365654964918e-02
2.290103365654964918e-02
2.290103365654964918e-02
2.290103365654964918e-02
2.290103365654964918e-02
2.290103365654964918e-02
2.290103365654964918e-02
2.290103365654964918e-02
1.555343791191983070e-03
1.555343791191983070e-03
4.143345141241736029e-02
4.143345141241736029e-02
4.143345141241736029e-02
4.143345141241736029e-02
4.143345141241736029e-02
4.143345141241736029e-02
4.143345141241736029e-02
4.143345141241736029e-02
8.856621136904135883e-03
8.856621136904135883e-03
1.225962565688773764e-01
1.225962565688773764e-01
1.225962565688773764e-01
1.225962565688773764e-01
1.225962565688773764e-01
1.225962565688773764e-01
1.225962565688773764e-01
1.225962565688773764e-01
1.225962565688773764e-01
3.492007384068285952e-02
3.492007384068285952e-02
3.492007384068285952e-02
3.492007384068285952e-02
3.492007384068285952e-02
3.492007384068285952e-02
3.492007384068285952e-02
3.492007384068285952e-02
3.492007384068285952e-02
3.492007384068285952e-02
3.492007384068285952e-02
3.492007384068285952e-02
3.492007384068285952e-02
3.492007384068285952e-02
1.111954251762576652e-02
1.111954251762576652e-02
1.111954251762576652e-02
1.111954251762576652e-02
1.111954251762576652e-02
1.111954251762576652e-02
1.111954251762576652e-02
1.111954251762576652e-02
1.111954251762576652e-02
2.974841483735510619e-02
2.974841483735510619e-02
2.974841483735510619e-02
2.974841483735510619e-02
2.974841483735510619e-02
2.974841483735510619e-02
2.974841483735510619e-02
2.974841483735510619e-02
2.974841483735510619e-02
2.974841483735510619e-02
2.974841483735510619e-02
2.974841483735510619e-02
2.561807897502712053e-02
2.561807897502712053e-02
2.561807897502712053e-02
2.561807897502712053e-02
2.561807897502712053e-02
2.561807897502712053e-02
2.561807897502712053e-02
2.561807897502712053e-02
2.561807897502712053e-02
2.561807897502712053e-02
2.561807897502712053e-02
2.561807897502712053e-02
1.669675982769936937e-02
1.669675982769936937e-02
1.669675982769936937e-02
1.669675982769936937e-02
1.669675982769936937e-02
6.545604856364220514e-02
6.545604856364220514e-02
6.545604856364220514e-02
6.545604856364220514e-02
6.545604856364220514e-02
3.523610642906361114e-04
3.523610642906361114e-04
2.716476621043524206e-02
2.716476621043524206e-02
2.716476621043524206e-02
2.716476621043524206e-02
2.716476621043524206e-02
8.684257656716116514e-04
8.684257656716116514e-04
8.684257656716116514e-04
8.684257656716116514e-04
8.684257656716116514e-04
8.684257656716116514e-04
8.684257656716116514e-04
2.559540052705845323e-02
2.559540052705845323e-02
2.559540052705845323e-02
2.559540052705845323e-02
2.559540052705845323e-02
2.559540052705845323e-02
2.559540052705845323e-02
2.559540052705845323e-02
2.559540052705845323e-02
2.559540052705845323e-02
2.559540052705845323e-02
2.559540052705845323e-02
2.559540052705845323e-02
2.559540052705845323e-02
1.967863144845878320e-01
1.967863144845878320e-01
1.967863144845878320e-01
1.967863144845878320e-01
1.967863144845878320e-01
1.967863144845878320e-01
1.967863144845878320e-01
1.967863144845878320e-01
1.967863144845878320e-01
1.967863144845878320e-01
1.967863144845878320e-01
1.967863144845878320e-01
1.967863144845878320e-01
1.967863144845878320e-01
1.967863144845878320e-01
1.967863144845878320e-01
1.967863144845878320e-01
1.967863144845878320e-01
1.967863144845878320e-01
1.967863144845878320e-01
1.967863144845878320e-01
3.438407391529228752e-02
3.438407391529228752e-02
3.438407391529228752e-02
3.438407391529228752e-02
3.438407391529228752e-02
3.438407391529228752e-02
3.438407391529228752e-02
3.438407391529228752e-02
3.438407391529228752e-02
3.438407391529228752e-02
3.438407391529228752e-02
3.438407391529228752e-02
3.438407391529228752e-02
3.438407391529228752e-02
3.282610068714095219e-03
3.282610068714095219e-03
3.282610068714095219e-03
3.282610068714095219e-03
3.282610068714095219e-03
5.299794416708502459e-02
5.299794416708502459e-02
5.299794416708502459e-02
5.299794416708502459e-02
5.299794416708502459e-02
5.299794416708502459e-02
5.299794416708502459e-02
5.299794416708502459e-02
5.299794416708502459e-02
5.299794416708502459e-02
5.299794416708502459e-02
1.862587930809209841e-02
1.862587930809209841e-02
1.862587930809209841e-02
1.862587930809209841e-02
1.862587930809209841e-02
1.862587930809209841e-02
1.862587930809209841e-02
1.862587930809209841e-02
1.862587930809209841e-02
1.862587930809209841e-02
1.135350899502115402e-02
1.135350899502115402e-02
1.135350899502115402e-02
1.135350899502115402e-02
1.135350899502115402e-02
1.135350899502115402e-02
1.135350899502115402e-02
1.135350899502115402e-02
1.135350899502115402e-02
5.646604216047353131e-02
5.646604216047353131e-02
5.646604216047353131e-02
5.646604216047353131e-02
5.646604216047353131e-02
5.646604216047353131e-02
5.646604216047353131e-02
5.646604216047353131e-02
5.646604216047353131e-02
5.646604216047353131e-02
4.454282354855605003e-02
4.454282354855605003e-02
4.454282354855605003e-02
4.454282354855605003e-02
4.454282354855605003e-02
4.454282354855605003e-02
4.454282354855605003e-02
4.454282354855605003e-02
4.454282354855605003e-02
4.454282354855605003e-02
4.454282354855605003e-02
4.454282354855605003e-02
1.799533751890375290e-04
1.799533751890375290e-04
3.282610068714095219e-03
3.282610068714095219e-03
3.282610068714095219e-03
3.282610068714095219e-03
3.282610068714095219e-03
1.232605637341275227e-02
1.232605637341275227e-02
1.232605637341275227e-02
1.232605637341275227e-02
1.232605637341275227e-02
2.308764544648499867e-02
2.308764544648499867e-02
2.308764544648499867e-02
2.308764544648499867e-02
2.308764544648499867e-02
1.513745807377321400e-03
1.513745807377321400e-03
3.692850851531064103e-03
3.692850851531064103e-03
4.163156371939974454e-02
4.163156371939974454e-02
4.163156371939974454e-02
4.163156371939974454e-02
4.163156371939974454e-02
4.163156371939974454e-02
4.163156371939974454e-02
4.163156371939974454e-02
4.163156371939974454e-02
4.163156371939974454e-02
4.163156371939974454e-02
4.163156371939974454e-02
4.163156371939974454e-02
4.163156371939974454e-02
1.707606312195210000e-05
1.707606312195210000e-05
5.655777041676366204e-03
5.655777041676366204e-03
2.992268067914304573e-03
2.992268067914304573e-03
2.992268067914304573e-03
2.992268067914304573e-03
2.992268067914304573e-03
2.992268067914304573e-03
2.992268067914304573e-03
2.992268067914304573e-03
2.157766492316682064e-02
2.157766492316682064e-02
2.157766492316682064e-02
2.157766492316682064e-02
2.157766492316682064e-02
1.136856423231149583e-02
1.136856423231149583e-02
1.136856423231149583e-02
1.136856423231149583e-02
1.136856423231149583e-02
2.090417904169925793e-03
2.090417904169925793e-03
2.783471085136786372e-02
2.783471085136786372e-02
2.783471085136786372e-02
2.783471085136786372e-02
2.783471085136786372e-02
2.783471085136786372e-02
2.783471085136786372e-02
2.783471085136786372e-02
2.783471085136786372e-02
2.783471085136786372e-02
2.783471085136786372e-02
2.783471085136786372e-02
2.783471085136786372e-02
4.146730743619133491e-02
4.146730743619133491e-02
4.146730743619133491e-02
4.146730743619133491e-02
4.146730743619133491e-02
4.146730743619133491e-02
4.146730743619133491e-02
4.146730743619133491e-02
4.146730743619133491e-02
4.146730743619133491e-02
4.146730743619133491e-02
4.146730743619133491e-02
2.090417904169925793e-03
2.090417904169925793e-03
1.862587930809209841e-02
1.862587930809209841e-02
1.862587930809209841e-02
1.862587930809209841e-02
1.862587930809209841e-02
1.862587930809209841e-02
1.862587930809209841e-02
1.862587930809209841e-02
1.862587930809209841e-02
1.862587930809209841e-02
7.477057719572331035e-03
7.477057719572331035e-03
1.593117520598409881e-03
1.593117520598409881e-03
6.829178893604247007e-03
6.829178893604247007e-03
6.829178893604247007e-03
6.829178893604247007e-03
5.655777041676366204e-03
5.655777041676366204e-03
1.513745807377321400e-03
1.513745807377321400e-03
3.662416492311999783e-02
3.662416492311999783e-02
3.662416492311999783e-02
3.662416492311999783e-02
3.662416492311999783e-02
5.280338493966542021e-03
5.280338493966542021e-03
2.596364377992915404e-02
2.596364377992915404e-02
2.596364377992915404e-02
2.596364377992915404e-02
2.596364377992915404e-02
2.596364377992915404e-02
2.596364377992915404e-02
2.596364377992915404e-02
2.596364377992915404e-02
2.596364377992915404e-02
2.596364377992915404e-02
4.444573410527768303e-03
4.444573410527768303e-03
3.408353321119279855e-03
3.408353321119279855e-03
1.180652059362912246e-02
1.180652059362912246e-02
5.234874736192803024e-02
5.234874736192803024e-02
5.234874736192803024e-02
5.234874736192803024e-02
5.234874736192803024e-02
5.234874736192803024e-02
5.234874736192803024e-02
5.234874736192803024e-02
5.234874736192803024e-02
5.234874736192803024e-02
5.234874736192803024e-02
5.234874736192803024e-02
5.234874736192803024e-02
5.234874736192803024e-02
3.020579869226395001e-02
3.020579869226395001e-02
3.020579869226395001e-02
3.020579869226395001e-02
3.020579869226395001e-02
3.020579869226395001e-02
3.020579869226395001e-02
3.020579869226395001e-02
3.020579869226395001e-02
5.693004423461057312e-02
5.693004423461057312e-02
5.693004423461057312e-02
5.693004423461057312e-02
5.693004423461057312e-02
5.693004423461057312e-02
5.693004423461057312e-02
5.693004423461057312e-02
5.693004423461057312e-02
5.693004423461057312e-02
5.693004423461057312e-02
5.693004423461057312e-02
5.693004423461057312e-02
5.693004423461057312e-02
5.693004423461057312e-02
5.693004423461057312e-02
5.693004423461057312e-02
2.783471085136786372e-02
2.783471085136786372e-02
2.783471085136786372e-02
2.783471085136786372e-02
2.783471085136786372e-02
2.783471085136786372e-02
2.783471085136786372e-02
2.783471085136786372e-02
2.783471085136786372e-02
2.783471085136786372e-02
2.783471085136786372e-02
2.783471085136786372e-02
2.783471085136786372e-02
6.458698147595366701e-02
6.458698147595366701e-02
6.458698147595366701e-02
6.458698147595366701e-02
6.458698147595366701e-02
6.458698147595366701e-02
6.458698147595366701e-02
6.458698147595366701e-02
6.458698147595366701e-02
3.282610068714095219e-03
3.282610068714095219e-03
3.282610068714095219e-03
3.282610068714095219e-03
3.282610068714095219e-03
7.752041358133918668e-03
7.752041358133918668e-03
7.752041358133918668e-03
7.752041358133918668e-03
7.752041358133918668e-03
7.752041358133918668e-03
7.752041358133918668e-03
7.752041358133918668e-03
7.752041358133918668e-03
7.752041358133918668e-03
7.752041358133918668e-03
1.087052301732107339e-02
1.087052301732107339e-02
1.087052301732107339e-02
1.087052301732107339e-02
1.087052301732107339e-02
1.087052301732107339e-02
1.087052301732107339e-02
1.087052301732107339e-02
1.087052301732107339e-02
1.087052301732107339e-02
1.087052301732107339e-02
2.379259801197287638e-01
2.379259801197287638e-01
2.379259801197287638e-01
2.379259801197287638e-01
2.379259801197287638e-01
2.379259801197287638e-01
2.379259801197287638e-01
2.379259801197287638e-01
2.379259801197287638e-01
2.379259801197287638e-01
2.379259801197287638e-01
2.379259801197287638e-01
2.379259801197287638e-01
2.379259801197287638e-01
2.379259801197287638e-01
2.379259801197287638e-01
2.379259801197287638e-01
2.379259801197287638e-01
2.379259801197287638e-01
2.379259801197287638e-01
2.379259801197287638e-01
4.163156371939974454e-02
4.163156371939974454e-02
4.163156371939974454e-02
4.163156371939974454e-02
4.163156371939974454e-02
4.163156371939974454e-02
4.163156371939974454e-02
4.163156371939974454e-02
4.163156371939974454e-02
4.163156371939974454e-02
4.163156371939974454e-02
4.163156371939974454e-02
4.163156371939974454e-02
4.163156371939974454e-02
2.070523638552892731e-01
2.070523638552892731e-01
2.070523638552892731e-01
2.070523638552892731e-01
2.070523638552892731e-01
2.070523638552892731e-01
2.070523638552892731e-01
2.070523638552892731e-01
2.070523638552892731e-01
2.070523638552892731e-01
2.070523638552892731e-01
2.070523638552892731e-01
2.070523638552892731e-01
2.070523638552892731e-01
2.070523638552892731e-01
2.070523638552892731e-01
2.070523638552892731e-01
2.070523638552892731e-01
2.070523638552892731e-01
2.070523638552892731e-01
2.070523638552892731e-01
4.163156371939974454e-02
4.163156371939974454e-02
4.163156371939974454e-02
4.163156371939974454e-02
4.163156371939974454e-02
4.163156371939974454e-02
4.163156371939974454e-02
4.163156371939974454e-02
4.163156371939974454e-02
4.163156371939974454e-02
4.163156371939974454e-02
4.163156371939974454e-02
4.163156371939974454e-02
4.163156371939974454e-02
3.662416492311999783e-02
3.662416492311999783e-02
3.662416492311999783e-02
3.662416492311999783e-02
3.662416492311999783e-02
2.379259801197287638e-01
2.379259801197287638e-01
2.379259801197287638e-01
2.379259801197287638e-01
2.379259801197287638e-01
2.379259801197287638e-01
2.379259801197287638e-01
2.379259801197287638e-01
2.379259801197287638e-01
2.379259801197287638e-01
2.379259801197287638e-01
2.379259801197287638e-01
2.379259801197287638e-01
2.379259801197287638e-01
2.379259801197287638e-01
2.379259801197287638e-01
2.379259801197287638e-01
2.379259801197287638e-01
2.379259801197287638e-01
2.379259801197287638e-01
2.379259801197287638e-01
3.020579869226395001e-02
3.020579869226395001e-02
3.020579869226395001e-02
3.020579869226395001e-02
3.020579869226395001e-02
3.020579869226395001e-02
3.020579869226395001e-02
3.020579869226395001e-02
3.020579869226395001e-02
5.073352043932569805e-02
5.073352043932569805e-02
5.073352043932569805e-02
5.073352043932569805e-02
5.073352043932569805e-02
5.073352043932569805e-02
5.073352043932569805e-02
5.073352043932569805e-02
5.073352043932569805e-02
5.073352043932569805e-02
5.073352043932569805e-02
5.073352043932569805e-02
5.073352043932569805e-02
5.073352043932569805e-02
5.073352043932569805e-02
5.073352043932569805e-02
6.674335690084605421e-02
6.674335690084605421e-02
6.674335690084605421e-02
6.674335690084605421e-02
6.674335690084605421e-02
6.674335690084605421e-02
6.674335690084605421e-02
6.674335690084605421e-02
6.674335690084605421e-02
6.674335690084605421e-02
6.674335690084605421e-02
6.674335690084605421e-02
6.674335690084605421e-02
6.674335690084605421e-02
6.674335690084605421e-02
6.674335690084605421e-02
6.674335690084605421e-02
6.674335690084605421e-02
6.674335690084605421e-02
6.674335690084605421e-02
1.159179931605344160e-01
1.159179931605344160e-01
1.159179931605344160e-01
1.159179931605344160e-01
1.159179931605344160e-01
1.159179931605344160e-01
1.159179931605344160e-01
1.159179931605344160e-01
1.159179931605344160e-01
1.159179931605344160e-01
1.159179931605344160e-01
1.159179931605344160e-01
1.159179931605344160e-01
1.159179931605344160e-01
1.159179931605344160e-01
1.159179931605344160e-01
1.159179931605344160e-01
1.159179931605344160e-01
1.159179931605344160e-01
1.555343791191983070e-03
1.555343791191983070e-03
7.191729808906584080e-03
7.191729808906584080e-03
7.191729808906584080e-03
7.191729808906584080e-03
7.191729808906584080e-03
7.191729808906584080e-03
7.191729808906584080e-03
7.191729808906584080e-03
7.191729808906584080e-03
6.719002894404620639e-04
6.719002894404620639e-04
2.365099615498548677e-03
2.365099615498548677e-03
7.198914604174332793e-03
7.198914604174332793e-03
5.611956113188467515e-02
5.611956113188467515e-02
5.611956113188467515e-02
5.611956113188467515e-02
5.611956113188467515e-02
5.611956113188467515e-02
5.611956113188467515e-02
5.611956113188467515e-02
5.611956113188467515e-02
5.611956113188467515e-02
5.611956113188467515e-02
5.611956113188467515e-02
5.611956113188467515e-02
5.611956113188467515e-02
1.111954251762576652e-02
1.111954251762576652e-02
1.111954251762576652e-02
1.111954251762576652e-02
1.111954251762576652e-02
1.111954251762576652e-02
1.111954251762576652e-02
1.111954251762576652e-02
1.111954251762576652e-02
1.162609010488236698e-05
1.162609010488236698e-05
2.485172456913982073e-02
2.485172456913982073e-02
2.485172456913982073e-02
2.485172456913982073e-02
2.485172456913982073e-02
2.485172456913982073e-02
2.485172456913982073e-02
2.485172456913982073e-02
2.485172456913982073e-02
2.485172456913982073e-02
2.485172456913982073e-02
1.162609010488236698e-05
1.162609010488236698e-05
4.143345141241736029e-02
4.143345141241736029e-02
4.143345141241736029e-02
4.143345141241736029e-02
4.143345141241736029e-02
4.143345141241736029e-02
4.143345141241736029e-02
4.143345141241736029e-02
3.438407391529228752e-02
3.438407391529228752e-02
3.438407391529228752e-02
3.438407391529228752e-02
3.438407391529228752e-02
3.438407391529228752e-02
3.438407391529228752e-02
3.438407391529228752e-02
3.438407391529228752e-02
3.438407391529228752e-02
3.438407391529228752e-02
3.438407391529228752e-02
3.438407391529228752e-02
3.438407391529228752e-02
1.135350899502115402e-02
1.135350899502115402e-02
1.135350899502115402e-02
1.135350899502115402e-02
1.135350899502115402e-02
1.135350899502115402e-02
1.135350899502115402e-02
1.135350899502115402e-02
1.135350899502115402e-02
2.907103382607910749e-02
2.907103382607910749e-02
2.907103382607910749e-02
2.907103382607910749e-02
2.907103382607910749e-02
2.907103382607910749e-02
2.907103382607910749e-02
2.907103382607910749e-02
2.907103382607910749e-02
2.907103382607910749e-02
2.907103382607910749e-02
2.907103382607910749e-02
2.907103382607910749e-02
2.907103382607910749e-02
3.690164635691180368e-03
3.690164635691180368e-03
7.243223837367025568e-03
7.243223837367025568e-03
7.243223837367025568e-03
7.243223837367025568e-03
7.243223837367025568e-03
7.243223837367025568e-03
7.243223837367025568e-03
7.243223837367025568e-03
7.243223837367025568e-03
1.125845658640292277e-02
1.125845658640292277e-02
1.125845658640292277e-02
1.125845658640292277e-02
1.125845658640292277e-02
1.125845658640292277e-02
1.125845658640292277e-02
1.125845658640292277e-02
1.125845658640292277e-02
1.203105133467087355e-02
1.203105133467087355e-02
1.203105133467087355e-02
1.203105133467087355e-02
1.203105133467087355e-02
1.203105133467087355e-02
1.203105133467087355e-02
1.203105133467087355e-02
1.203105133467087355e-02
1.203105133467087355e-02
1.203105133467087355e-02
1.203105133467087355e-02
4.444573410527768303e-03
4.444573410527768303e-03
7.198914604174332793e-03
7.198914604174332793e-03
4.993073287226292012e-03
4.993073287226292012e-03
4.993073287226292012e-03
2.157766492316682064e-02
2.157766492316682064e-02
2.157766492316682064e-02
2.157766492316682064e-02
2.157766492316682064e-02
1.464737441918683748e-03
1.464737441918683748e-03
2.231747696729296029e-02
2.231747696729296029e-02
2.231747696729296029e-02
2.231747696729296029e-02
2.231747696729296029e-02
2.231747696729296029e-02
2.231747696729296029e-02
2.231747696729296029e-02
2.231747696729296029e-02
2.231747696729296029e-02
2.231747696729296029e-02
2.231747696729296029e-02
2.231747696729296029e-02
2.231747696729296029e-02
2.231747696729296029e-02
2.231747696729296029e-02
2.231747696729296029e-02
1.757295877342035864e-02
1.757295877342035864e-02
1.757295877342035864e-02
1.757295877342035864e-02
1.757295877342035864e-02
1.757295877342035864e-02
1.757295877342035864e-02
1.757295877342035864e-02
1.757295877342035864e-02
1.757295877342035864e-02
1.757295877342035864e-02
1.067457421336187682e-04
1.067457421336187682e-04
1.967863144845878320e-01
1.967863144845878320e-01
1.967863144845878320e-01
1.967863144845878320e-01
1.967863144845878320e-01
1.967863144845878320e-01
1.967863144845878320e-01
1.967863144845878320e-01
1.967863144845878320e-01
1.967863144845878320e-01
1.967863144845878320e-01
1.967863144845878320e-01
1.967863144845878320e-01
1.967863144845878320e-01
1.967863144845878320e-01
1.967863144845878320e-01
1.967863144845878320e-01
1.967863144845878320e-01
1.967863144845878320e-01
1.967863144845878320e-01
1.967863144845878320e-01
3.492007384068285952e-02
3.492007384068285952e-02
3.492007384068285952e-02
3.492007384068285952e-02
3.492007384068285952e-02
3.492007384068285952e-02
3.492007384068285952e-02
3.492007384068285952e-02
3.492007384068285952e-02
3.492007384068285952e-02
3.492007384068285952e-02
3.492007384068285952e-02
3.492007384068285952e-02
3.492007384068285952e-02
2.308764544648499867e-02
2.308764544648499867e-02
2.308764544648499867e-02
2.308764544648499867e-02
2.308764544648499867e-02
1.425170742096537775e-03
1.425170742096537775e-03
1.831088012930898179e-02
1.831088012930898179e-02
1.831088012930898179e-02
1.831088012930898179e-02
1.831088012930898179e-02
1.831088012930898179e-02
1.831088012930898179e-02
1.831088012930898179e-02
1.831088012930898179e-02
1.831088012930898179e-02
1.831088012930898179e-02
1.831088012930898179e-02
1.831088012930898179e-02
5.299794416708502459e-02
5.299794416708502459e-02
5.299794416708502459e-02
5.299794416708502459e-02
5.299794416708502459e-02
5.299794416708502459e-02
5.299794416708502459e-02
5.299794416708502459e-02
5.299794416708502459e-02
5.299794416708502459e-02
5.299794416708502459e-02
2.568245861716430406e-02
2.568245861716430406e-02
2.568245861716430406e-02
2.568245861716430406e-02
2.568245861716430406e-02
1.332497211447025449e-04
1.332497211447025449e-04
2.274110324739729279e-04
2.274110324739729279e-04
3.273088552517194709e-03
3.273088552517194709e-03
5.646604216047353131e-02
5.646604216047353131e-02
5.646604216047353131e-02
5.646604216047353131e-02
5.646604216047353131e-02
5.646604216047353131e-02
5.646604216047353131e-02
5.646604216047353131e-02
5.646604216047353131e-02
5.646604216047353131e-02
2.357101935133839514e-04
2.357101935133839514e-04
3.788406983110064515e-03
3.788406983110064515e-03
1.053014933881734998e-02
1.053014933881734998e-02
1.053014933881734998e-02
1.053014933881734998e-02
1.053014933881734998e-02
1.053014933881734998e-02
1.053014933881734998e-02
1.053014933881734998e-02
1.053014933881734998e-02
1.053014933881734998e-02
1.053014933881734998e-02
1.053014933881734998e-02
1.053014933881734998e-02
1.477686445210895649e-01
1.477686445210895649e-01
1.477686445210895649e-01
1.477686445210895649e-01
1.477686445210895649e-01
1.477686445210895649e-01
1.477686445210895649e-01
1.477686445210895649e-01
1.477686445210895649e-01
1.477686445210895649e-01
1.477686445210895649e-01
1.477686445210895649e-01
1.477686445210895649e-01
1.477686445210895649e-01
1.477686445210895649e-01
1.477686445210895649e-01
1.477686445210895649e-01
1.477686445210895649e-01
2.568172377927424588e-01
2.568172377927424588e-01
2.568172377927424588e-01
2.568172377927424588e-01
2.568172377927424588e-01
2.568172377927424588e-01
2.568172377927424588e-01
2.568172377927424588e-01
2.568172377927424588e-01
2.568172377927424588e-01
2.568172377927424588e-01
2.568172377927424588e-01
2.568172377927424588e-01
2.568172377927424588e-01
2.568172377927424588e-01
2.568172377927424588e-01
2.568172377927424588e-01
2.568172377927424588e-01
2.568172377927424588e-01
2.568172377927424588e-01
2.568172377927424588e-01
2.568172377927424588e-01
2.568172377927424588e-01
2.568172377927424588e-01
1.087052301732107339e-02
1.087052301732107339e-02
1.087052301732107339e-02
1.087052301732107339e-02
1.087052301732107339e-02
1.087052301732107339e-02
1.087052301732107339e-02
1.087052301732107339e-02
1.087052301732107339e-02
1.087052301732107339e-02
1.087052301732107339e-02
8.341671803824474152e-02
8.341671803824474152e-02
8.341671803824474152e-02
8.341671803824474152e-02
8.341671803824474152e-02
8.341671803824474152e-02
8.341671803824474152e-02
8.341671803824474152e-02
8.341671803824474152e-02
8.341671803824474152e-02
8.341671803824474152e-02
8.341671803824474152e-02
4.454282354855605003e-02
4.454282354855605003e-02
4.454282354855605003e-02
4.454282354855605003e-02
4.454282354855605003e-02
4.454282354855605003e-02
4.454282354855605003e-02
4.454282354855605003e-02
4.454282354855605003e-02
4.454282354855605003e-02
4.454282354855605003e-02
4.454282354855605003e-02
2.090417904169925793e-03
2.090417904169925793e-03
6.719002894404620639e-04
6.719002894404620639e-04
1.040611014979072810e-02
1.040611014979072810e-02
1.040611014979072810e-02
1.040611014979072810e-02
1.040611014979072810e-02
4.774960852466663547e-02
4.774960852466663547e-02
4.774960852466663547e-02
4.774960852466663547e-02
4.774960852466663547e-02
4.774960852466663547e-02
4.774960852466663547e-02
4.774960852466663547e-02
4.774960852466663547e-02
4.774960852466663547e-02
4.774960852466663547e-02
4.774960852466663547e-02
2.974841483735510619e-02
2.974841483735510619e-02
2.974841483735510619e-02
2.974841483735510619e-02
2.974841483735510619e-02
2.974841483735510619e-02
2.974841483735510619e-02
2.974841483735510619e-02
2.974841483735510619e-02
2.974841483735510619e-02
2.974841483735510619e-02
2.974841483735510619e-02
2.038113087655845290e-04
2.038113087655845290e-04
1.208309815665509039e-02
1.208309815665509039e-02
1.208309815665509039e-02
1.208309815665509039e-02
1.208309815665509039e-02
1.208309815665509039e-02
1.208309815665509039e-02
8.856621136904135883e-03
8.856621136904135883e-03
1.276875540281316272e-02
1.276875540281316272e-02
1.276875540281316272e-02
1.276875540281316272e-02
1.276875540281316272e-02
1.276875540281316272e-02
1.276875540281316272e-02
1.276875540281316272e-02
1.276875540281316272e-02
1.276875540281316272e-02
1.276875540281316272e-02
1.276875540281316272e-02
1.276875540281316272e-02
1.276875540281316272e-02
