2.285457720944623350e-01
4.242676213974199140e-01
6.747223652102852798e-01
6.679717563756703003e-01
1.504974208035664111e-02
6.886768087739326694e-01
7.006278609646874322e-01
-1.086575184204442435e-01
6.516132453568153071e-01
6.155752827297896745e-01
7.141708218091706861e-01
6.076651094538566555e-01
6.452984916450732467e-01
5.230528177132569567e-01
5.582435148134627934e-01
6.323944770268047355e-01
6.780866279369813787e-01
6.044100096398826727e-01
6.053894591418427229e-01
6.480247971799223405e-01
4.656813703971762197e-01
2.285457720944623350e-01
6.466718208244176536e-01
6.678902966463412527e-01
1.786079792597758398e-02
5.391817739498866446e-01
5.654849776532395733e-01
6.678902966463412527e-01
6.445049569665934897e-01
6.357367795342632188e-01
5.598473096612797129e-01
1.504974208035664111e-02
5.992662705415412461e-01
6.973228624231412320e-01
5.491354992882665487e-01
5.904135962562206963e-01
5.794828223420789293e-01
5.366523530193449965e-01
6.313734321928130555e-01
6.595035163933142819e-01
8.905121732874281271e-02
6.780866279369813787e-01
6.384051044034403377e-01
6.989181267599698932e-01
5.582435148134627934e-01
6.193648429689049273e-01
1.254216032650651291e-01
6.053894591418427229e-01
4.090402830388590316e-01
1.786079792597758398e-02
6.324351779630462689e-01
5.230528177132569567e-01
6.255870516762025713e-03
7.006278609646874322e-01
6.376953831173579612e-01
6.323944770268047355e-01
4.492453589105377398e-01
5.890480013063744691e-01
3.871671786688605232e-01
4.903247212921549303e-01
5.569590797520644898e-01
6.409017197702829849e-01
4.683675722525068030e-01
6.690377640406313109e-01
6.044100096398826727e-01
3.536968053794722899e-01
4.117074140532086535e-01
4.656813703971762197e-01
5.825059078571129811e-01
8.486678778828074532e-02
6.100986481497442382e-01
5.912904825800486819e-01
6.466718208244176536e-01
5.075328739589709537e-01
2.285457720944623350e-01
6.886768087739326694e-01
7.051200461793142305e-01
6.452984916450732467e-01
6.377952341513319912e-01
6.696029177761099183e-01
6.155752827297896745e-01
5.292426740816620345e-01
6.924877816972375699e-01
5.177668939266226733e-01
4.217160462718219649e-01
-1.086575184204442435e-01
6.199538365867125478e-01
5.679636022101967052e-01
5.868091280960503475e-01
4.783226294759376773e-01
6.588305116716486332e-01
4.199836921783482446e-01
7.039344815712204051e-01
6.325716802535162886e-01
6.679717563756703003e-01
5.123532097867209423e-01
4.242676213974199140e-01
6.516132453568153071e-01
6.076651094538566555e-01
6.575044981141947575e-01
5.791068561213600363e-01
6.592611134074242152e-01
6.480247971799223405e-01
6.747223652102852798e-01
5.658349439276819659e-01
5.467958582613594576e-01
7.141708218091706861e-01
5.467958582613594576e-01
6.679717563756703003e-01
6.690377640406313109e-01
5.904135962562206963e-01
6.481169059390503584e-01
6.480247971799223405e-01
6.076651094538566555e-01
6.973228624231412320e-01
6.445049569665934897e-01
5.598473096612797129e-01
6.440830335774965221e-01
5.391817739498866446e-01
6.696029177761099183e-01
6.595035163933142819e-01
7.141708218091706861e-01
6.255870516762025713e-03
5.791068561213600363e-01
5.791068561213600363e-01
6.973228624231412320e-01
1.917446813369783343e-01
5.177668939266226733e-01
6.323944770268047355e-01
5.582435148134627934e-01
6.924877816972375699e-01
3.871671786688605232e-01
3.871671786688605232e-01
7.039344815712204051e-01
5.992662705415412461e-01
6.357367795342632188e-01
5.598473096612797129e-01
6.924877816972375699e-01
6.747223652102852798e-01
6.376953831173579612e-01
5.292426740816620345e-01
6.199538365867125478e-01
6.516132453568153071e-01
6.313734321928130555e-01
6.452984916450732467e-01
6.325716802535162886e-01
5.825059078571129811e-01
6.886768087739326694e-01
6.678902966463412527e-01
6.409017197702829849e-01
6.053894591418427229e-01
5.794828223420789293e-01
6.780866279369813787e-01
6.255870516762025713e-03
5.467958582613594576e-01
6.323944770268047355e-01
6.466718208244176536e-01
7.006278609646874322e-01
4.217160462718219649e-01
1.786079792597758398e-02
