0.006334478446191842
0.0339308355819296
0.0036775112877799974
8.938537470636602e-05
0.0005085442993761159
3.431901017290695e-05
6.608768426159448e-05
0.1092861450437472
0.005461240677144554
0.0003257308554927468
0.0006229965426675744
0.00044057460936742127
0.0003252165827789666
0.0002250615881441604
0.00014425832195458642
0.0004983421807147063
0.0006384483171325916
0.00015267124917379756
0.00039343645352599176
0.001731526009510991
0.00038484144504831897
0.006334478446191842
0.00033155331305968397
0.0006928862821525294
0.0004880881646197323
0.00027386845407048675
5.8791128733409735e-05
0.0006928862821525294
0.00015686956618068121
0.00042725636438434886
0.0008317558394793933
0.0005085442993761159
0.04009876271741788
0.0006842573831804524
0.0015087134093031266
0.0005675306655871806
0.0010032823009614369
0.0010316026475639646
0.0005019145233068378
0.00015316786451252846
0.00466709808264514
0.0006384483171325916
7.34254891231375e-05
0.0002358313642216636
0.00014425832195458642
0.00021871086545310566
0.0014893841715484205
0.00039343645352599176
0.0007796720502863827
0.0004880881646197323
1.9247127666242e-05
0.0002250615881441604
0.00409040944974123
6.608768426159448e-05
0.0018292834207791992
0.0004983421807147063
0.00020218584766260012
5.504079259174313e-05
0.0013519108146302606
0.0186358445651787
0.00184903673301443
0.0013349613838057755
0.014475111853047118
0.0010556118626406917
0.00015267124917379756
0.00035412944051289467
0.018746656485185077
0.00038484144504831897
0.000862515142669291
0.014155926335887508
2.5102119683228935e-05
4.559079702881902e-05
0.00033155331305968397
0.003051873417307034
0.006334478446191842
3.431901017290695e-05
0.001236856602331644
0.0003252165827789666
2.4276476941659475e-05
0.0019171981047570168
0.0003257308554927468
0.017401220334826217
0.0003124516368591947
0.0010373929214943043
0.03061693752105683
0.1092861450437472
0.002155587985608171
0.0002069150761017744
0.0010894851001529437
0.004632456580994718
0.0006771964610960044
0.001831873870752588
0.0017157061340742983
0.00019278560010416762
8.938537470636602e-05
0.0037983404747515184
0.0339308355819296
0.005461240677144554
0.00044057460936742127
0.0008720284357695026
0.0005901211892279565
0.0001550181006492651
0.001731526009510991
0.0036775112877799974
1.1203296455692752e-05
4.7762508835333766e-05
0.0006229965426675744
4.7762508835333766e-05
8.938537470636602e-05
0.0010556118626406917
0.0005675306655871806
0.0015931416749780747
0.001731526009510991
0.00044057460936742127
0.0006842573831804524
0.00015686956618068121
0.0008317558394793933
0.0005153697999895888
0.00027386845407048675
0.0019171981047570168
0.00015316786451252846
0.0006229965426675744
0.00409040944974123
0.0005901211892279565
0.0005901211892279565
0.0006842573831804524
0.0012088926365831291
0.0010373929214943043
0.0004983421807147063
0.00014425832195458642
0.0003124516368591947
0.0013519108146302606
0.0013519108146302606
0.0017157061340742983
0.04009876271741788
0.00042725636438434886
0.0008317558394793933
0.0003124516368591947
0.0036775112877799974
0.0018292834207791992
0.017401220334826217
0.002155587985608171
0.005461240677144554
0.0005019145233068378
0.0003252165827789666
0.00019278560010416762
0.000862515142669291
3.431901017290695e-05
0.0006928862821525294
0.0013349613838057755
0.00039343645352599176
0.0010032823009614369
0.0006384483171325916
0.00409040944974123
4.7762508835333766e-05
0.0004983421807147063
0.00033155331305968397
6.608768426159448e-05
0.03061693752105683
0.0004880881646197323
