0 1 2 |PI655981|0.013335319890558217
3 4 5 6 7 8 |PI655978|0.06735586466061011
9 10 11 12 13 |PI656015|0.011832486547032834
14 |PI253986|0.0
15 16 |PI642998|0.025420306070723077
17 18 |PI330196|0.0003344732553469384
19 20 21 22 |PI452692|0.016115840680078073
23 24 25 26 27 |PI533998|0.006286218540282157
28 |PI329333|0.0
29 |PI329351|0.0
30 31 32 |PI226096|0.08398789804490814
33 34 35 |PI542718|0.04559434270971336
36 37 38 39 |PI329403|0.008033975360019874
40 41 |PI329617|0.06013845260025094
42 |PI570393|0.0
43 44 45 46 |PI563329|0.006485148830165004
47 |PI562994|0.0
48 49 50 51 |PI329570|0.04792340400470768
52 53 54 55 |PI329710|0.01785893493141695
56 57 |PI619838|7.245680612759713e-05
58 59 60 61 |PI329702|0.008051409449547974
62 |PI563009|0.0
63 64 65 66 |PI156268|0.03521421891091259
67 |PI330167|0.0
68 69 70 71 |PI570145|0.02026754273548615
72 73 74 75 76 |PI329569|0.021413711738783626
77 |PI569886|0.0
78 79 80 81 82 83 84 |PI563330|0.36042847277016576
85 |PI329605|0.0
86 |PI562991|0.0
87 88 89 |PI226096|0.08398789804490814
90 |PI655983|0.0
91 92 93 94 95 |PI656015|0.011832486547032834
96 97 |PI329584|0.0011766467795622038
98 |PI329510|0.0
99 100 101 |PI656065|0.005029024342755696
102 103 104 |PI576401|0.0005597713048462373
105 106 107 108 |PI564163|0.006981096055588169
109 110 111 112 |PI251672|0.07792638666862911
113 |PI513898|0.0
114 115 |PI569423|0.023721800969247808
116 |PI329510|0.0
117 |PI562971|0.0
118 |PI563348|0.0
119 |PI167093|0.0
120 121 122 |PI226096|0.08398789804490814
123 124 125 126 127 |PI533998|0.006286218540282157
128 129 130 131 132 |PI329301|0.028480491170009902
133 134 |PI521290|0.06913717782519431
135 136 137 138 |PI585577|0.008019976830743165
139 |PI569460|0.0
140 |PI562981|0.0
141 |PI585461|0.0
142 143 |PI569427|0.00847862221031113
144 |PI563196|0.0
145 146 147 148 149 150 |PI154844|0.012093561588754445
151 152 153 154 155 156 157 158 159 160 |PI330181|0.31041492840972623
161 162 163 |PI535792|0.012334512689232574
164 165 166 167 168 |PI329569|0.021413711738783626
169 170 171 172 |PI330185|0.02589162317639008
173 174 |PI152694|0.027304351622207682
175 176 177 178 |PI330168|0.04277850306942531
179 180 181 182 183 184 185 |PI563330|0.36042847277016576
186 187 188 189 |PI155149|0.005570077061002699
190 191 192 193 |PI550604|0.05872577669744937
194 |PI563009|0.0
195 196 |PI156487|0.020052925962436477
197 198 199 |PI535793|0.01054888943005354
200 |PI329605|0.0
201 |PI535785|0.0
202 203 204 205 |PI564163|0.006981096055588169
206 |PI569453|0.0
207 208 |PI619838|7.245680612759713e-05
209 210 211 212 |PI534165|0.014251208247056025
213 214 215 216 217 218 219 |PI562970|0.2982651657361871
220 |PI329351|0.0
221 222 223 |PI655981|0.013335319890558217
224 |PI329440|0.0
225 226 227 228 |PI526905|0.06705295103931672
229 |PI330167|0.0
230 |PI255744|0.0
231 232 |PI156203|0.008881510016722877
233 |PI35038|0.0
234 |PI570031|0.0
235 236 237 238 239 240 |PI181899|0.07927523622718445
241 242 243 244 |PI569446|0.17340853857536687
245 246 247 248 |PI329710|0.01785893493141695
249 |PI569447|0.0
250 |PI329673|0.0
251 252 253 254 |PI455217|0.0743536497112376
255 256 |PI569443|0.01593541815039514
257 258 259 |PI656065|0.005029024342755696
260 261 262 263 |PI570145|0.02026754273548615
264 265 266 267 268 269 |PI655978|0.06735586466061011
270 271 272 |PI562732|0.03299280873407879
273 |PI562730|0.0
274 |PI569886|0.0
275 276 277 278 279 280 |PI297155|0.02146827205723934
281 282 283 284 |PI197542|0.002648918688375831
285 286 287 |PI533902|0.02776526834523825
288 |PI655983|0.0
289 290 291 292 |PI329702|0.008051409449547974
293 294 295 296 |PI452544|0.03558188296735444
297 298 299 300 |PI561840|0.032089106465462945
301 302 |PI329665|0.00042994283669581983
303 304 305 |PI593916|0.062410657461836355
306 307 308 309 |PI152963|0.05732493335506359
310 311 |PI569421|0.11190110719905214
312 313 |PI156393|0.005911867154389899
314 315 316 317 |PI157804|0.039423176533501685
318 319 320 321 322 323 |PI452542|0.01646895045093495
324 325 |PI329584|0.0011766467795622038
326 327 |PI570109|0.06814485728151995
328 329 330 331 332 |PI656015|0.011832486547032834
333 |PI329333|0.0
334 |PI253986|0.0
335 336 337 338 339 |PI196049|0.018619402294687455
340 341 342 343 |PI569148|0.1005930852224739
344 345 346 347 |PI329570|0.04792340400470768
348 349 350 351 352 353 |PI576399|0.2728334136633586
354 355 356 357 358 |PI569452|0.030585356410968923
359 360 361 362 |PI181083|0.02561146248748395
363 364 365 366 367 368 |PI329435|0.020622183145135514
369 370 371 |PI329614|0.009399748407956031
372 373 374 375 376 377 |PI533792|0.043167632424551294
378 379 380 381 382 |PI563332|0.12171004477463372
383 384 385 386 |PI540518|0.008374575303303176
387 388 389 390 391 392 |PI330182|0.22229529053871558
393 |PI570393|0.0
394 |PI329465|0.0
395 396 |PI213900|0.007650229013405098
397 398 399 |PI181080|0.014815558335559574
400 401 402 403 |PI156268|0.03521421891091259
404 405 406 407 |PI329310|0.021403533570497756
408 |PI330169|0.0
409 410 411 |PI329865|0.01535936651417897
412 413 414 415 |PI535794|0.054589218472957994
416 |PI653616|0.0
417 418 419 |PI329394|0.023800173568228267
420 |PI329501|0.0
421 422 423 |PI542718|0.04559434270971336
424 425 426 427 428 |PI569097|0.052702770569853466
429 430 431 |PI337689|0.021131659686482156
432 433 434 435 |PI329403|0.008033975360019874
436 437 438 439 |PI300119|0.04394105281802832
440 441 |PI569422|0.03250961057575569
442 443 |PI156018|0.0237490107890954
444 |PI196586|0.0
445 446 |PI643016|0.10463538663249376
447 448 449 |PI527045|0.00031741979494713865
450 451 452 453 454 |PI92270|0.06080667401512232
455 456 457 458 459 460 461 |PI329519|0.22680090388637636
462 463 464 465 466 |PI329841|0.02520897607737162
467 |PI253986|0.0
468 469 470 471 472 |PI329843|0.03257162242543995
473 474 475 476 |PI452692|0.016115840680078073
477 478 479 |PI329300|0.0014222305711268583
480 481 |PI329256|0.024135965781508183
482 483 484 485 |PI329511|0.035084720677635295
486 |PI570073|0.0
487 |PI253986|0.0
488 489 |PI642998|0.025420306070723077
490 491 |PI329617|0.06013845260025094
492 |PI562994|0.0
493 |PI570076|0.0
494 495 496 497 498 |PI562985|0.06624240724386359
499 |PI152860|0.0
500 |PI562991|0.0
501 502 503 |PI576401|0.0005597713048462373
504 505 |PI330196|0.0003344732553469384
506 507 |PI152728|0.012404150629117244
508 |PI563002|0.0
509 510 511 512 |PI563329|0.006485148830165004
513 514 515 516 |PI585577|0.008019976830743165
517 |PI563002|0.0
518 519 520 521 |PI452692|0.016115840680078073
522 |PI562730|0.0
523 |PI562981|0.0
524 525 |PI505735|0.00719317180094224
526 |PI562991|0.0
527 |PI562994|0.0
528 529 |PI521290|0.06913717782519431
530 |PI562971|0.0
531 532 533 534 |PI452544|0.03558188296735444
535 |PI167093|0.0
536 |PI152727|0.0
537 |PI513898|0.0
538 539 540 541 542 |PI563332|0.12171004477463372
543 544 545 |PI562732|0.03299280873407879
546 547 548 549 550 551 |PI154844|0.012093561588754445
552 553 554 555 |PI563329|0.006485148830165004
556 557 558 559 |PI455217|0.0743536497112376
560 |PI253986|0.0
561 562 563 564 565 566 |PI452542|0.01646895045093495
567 568 569 570 |PI534165|0.014251208247056025
571 572 573 574 575 576 577 |PI562970|0.2982651657361871
578 579 580 581 582 |PI562985|0.06624240724386359
583 584 585 586 587 588 589 |PI563330|0.36042847277016576
590 591 592 593 594 |PI562985|0.06624240724386359
595 596 |PI521290|0.06913717782519431
597 598 599 600 601 602 603 |PI562970|0.2982651657361871
604 605 606 |PI562732|0.03299280873407879
607 608 609 610 611 612 613 614 |PI52606|0.0958461507010836
615 616 617 618 619 620 |PI533792|0.043167632424551294
621 622 623 624 625 626 |PI576399|0.2728334136633586
627 |PI653616|0.0
628 629 630 |PI533902|0.02776526834523825
631 |PI330167|0.0
632 |PI563009|0.0
633 |PI330169|0.0
634 635 636 637 |PI569148|0.1005930852224739
638 639 640 |PI337689|0.021131659686482156
641 |PI35038|0.0
642 643 644 645 |PI330168|0.04277850306942531
646 |PI35038|0.0
647 648 649 |PI329394|0.023800173568228267
650 651 652 653 654 |PI329841|0.02520897607737162
655 656 657 |PI329300|0.0014222305711268583
658 659 660 661 662 |PI329301|0.028480491170009902
663 |PI563348|0.0
664 665 666 |PI329865|0.01535936651417897
667 668 669 |PI329614|0.009399748407956031
670 671 672 673 |PI329702|0.008051409449547974
674 |PI167093|0.0
675 |PI330169|0.0
676 677 |PI330196|0.0003344732553469384
678 |PI329440|0.0
679 680 681 682 683 684 |PI329435|0.020622183145135514
685 686 687 688 |PI329710|0.01785893493141695
689 |PI329465|0.0
690 691 692 693 694 695 696 |PI329519|0.22680090388637636
697 698 699 700 701 |PI569097|0.052702770569853466
702 703 |PI329617|0.06013845260025094
704 |PI563196|0.0
705 706 707 708 |PI329570|0.04792340400470768
709 710 711 712 713 |PI329843|0.03257162242543995
714 715 |PI329665|0.00042994283669581983
716 |PI329333|0.0
717 |PI329510|0.0
718 |PI329673|0.0
719 720 |PI329256|0.024135965781508183
721 |PI329605|0.0
722 |PI585461|0.0
723 724 725 726 727 |PI329569|0.021413711738783626
728 729 730 731 732 733 |PI330182|0.22229529053871558
734 735 736 737 738 739 740 741 742 743 |PI330181|0.31041492840972623
744 745 746 747 |PI534165|0.014251208247056025
748 749 750 751 |PI329310|0.021403533570497756
752 753 754 755 |PI329511|0.035084720677635295
756 |PI563002|0.0
757 |PI330167|0.0
758 759 |PI329584|0.0011766467795622038
760 761 762 763 |PI330185|0.02589162317639008
764 765 766 767 |PI329403|0.008033975360019874
768 |PI329351|0.0
769 770 |PI213900|0.007650229013405098
771 |PI329501|0.0
772 773 774 775 |PI564163|0.006981096055588169
