2.029058950084499990e+00
2.167524092420209936e+00
2.311902131419489859e+00
1.671080232738850091e+00
1.799409479615130092e+00
1.726156466172749981e+00
2.243930536804279896e+00
2.033544376090949957e+00
2.353608520708640128e+00
2.265760916717610041e+00
2.404542949770080096e+00
2.591431931588089821e+00
2.476237290271070091e+00
2.369085920821509816e+00
2.261524556472669811e+00
2.514746924634379877e+00
2.195871989459329932e+00
3.001915351793929876e+00
2.965338131814990064e+00
2.923560036840420207e+00
2.999769762906370207e+00
3.089629617821710195e+00
3.264172983683939933e+00
2.303455260341880084e+00
2.142201690163509920e+00
2.071808391833129814e+00
2.188140698788859861e+00
2.114744387545130166e+00
3.162821203526189784e+00
2.985731765149080008e+00
1.915188705173159978e+00
2.472902651803659868e+00
2.574390136187560074e+00
2.001647191346040078e+00
2.290145954647810012e+00
2.523720460375320052e+00
2.957142578050710124e+00
2.919689859537589971e+00
3.130494588523470068e+00
2.906954251102180198e+00
2.543049360639530132e+00
3.033512213872069818e+00
3.247813750396209898e+00
3.332856393443849985e+00
3.235987748109089956e+00
3.383632277652679932e+00
3.177553813650459968e+00
2.773406088015140103e+00
3.114487549673969902e+00
3.452646499256080137e+00
3.083606522746459966e+00
3.596143873584630057e+00
2.733413956897980057e+00
2.897517129400529967e+00
2.895505418758269833e+00
3.109726998275479826e+00
2.983296946318330090e+00
3.000321259065410029e+00
2.677780270971379828e+00
2.917794243013419830e+00
2.850370502371640136e+00
2.860906709581799934e+00
2.752063820803349881e+00
2.873506605129730218e+00
2.826644845059489874e+00
2.654176541877959927e+00
3.174946108475780182e+00
3.248267603534650050e+00
2.771925378944199991e+00
2.760279202930230102e+00
2.948227079265000050e+00
3.107023318633999942e+00
3.123397516906130100e+00
2.909705760144880138e+00
2.832496139151269965e+00
3.236401208265660134e+00
3.079658707422079811e+00
3.050847444082259941e+00
1.794697126892000005e+00
1.776192514747070073e+00
1.902329305858319941e+00
2.964221904824869913e+00
3.236164273156859839e+00
2.963905826118700126e+00
2.914951061127879939e+00
2.969807160278170155e+00
2.896823728531960018e+00
1.915188705173159978e+00
2.472902651803659868e+00
2.574390136187560074e+00
3.019556595546160072e+00
2.265760916717610041e+00
2.404542949770080096e+00
2.591431931588089821e+00
2.476237290271070091e+00
2.369085920821509816e+00
3.020058662952279871e+00
2.951454092271830199e+00
3.004149341900060222e+00
2.568753045346470198e+00
2.729432090213229856e+00
2.591932328557729814e+00
2.365450544097570162e+00
2.308692442201259798e+00
2.326929537043509910e+00
2.226831810658719935e+00
2.456624103507059953e+00
2.295677034017470142e+00
2.338396724196260212e+00
2.049295568332719863e+00
2.388900108354239826e+00
2.559439776827700186e+00
2.818093869146640174e+00
3.101131616599030139e+00
2.818694256597510162e+00
3.126731922925820140e+00
3.004149341900060222e+00
2.634497422569349823e+00
2.953856298224990073e+00
3.036057710071600191e+00
1.915188705173159978e+00
2.472902651803659868e+00
2.574390136187560074e+00
2.303455260341880084e+00
2.142201690163509920e+00
2.071808391833129814e+00
2.188140698788859861e+00
2.114744387545130166e+00
2.720167575603019916e+00
2.793175513708269886e+00
2.711309402572859906e+00
3.130327334455019983e+00
3.015539975373120019e+00
2.515343893088379801e+00
3.041222882306219955e+00
2.960128153889499902e+00
3.019689430165350075e+00
3.200064885460680131e+00
3.026050901272450133e+00
2.580560060639419895e+00
2.844197496988409846e+00
2.765914312276790188e+00
3.042027869628229908e+00
2.857869001144400123e+00
2.872930899174459984e+00
3.200001865406600032e+00
3.220787776165880079e+00
3.301841367948270101e+00
3.058027231970910087e+00
3.407242998192010042e+00
3.320378955745680205e+00
1.503245771465109959e+00
1.770041554319669919e+00
1.787035182026220026e+00
1.728759475167870097e+00
1.871923031882370081e+00
1.972156535859489912e+00
2.848145993412559918e+00
2.775406540203749994e+00
2.890275670716489831e+00
3.010227850984469988e+00
2.216851783284380151e+00
1.981863890991349963e+00
2.218062617826369820e+00
3.123397516906130100e+00
2.909705760144880138e+00
2.832496139151269965e+00
3.236401208265660134e+00
3.079658707422079811e+00
3.212589740049430098e+00
3.224942044261790208e+00
2.897313626476639925e+00
3.326409602787399944e+00
2.806064599188240027e+00
2.475584030184810214e+00
3.201397124320449983e+00
3.213862930386819805e+00
2.804561930962420124e+00
2.784074977478700141e+00
1.794697126892000005e+00
1.776192514747070073e+00
1.902329305858319941e+00
2.964221904824869913e+00
3.236164273156859839e+00
2.963905826118700126e+00
2.914951061127879939e+00
2.584466920191760053e+00
2.756803404891329912e+00
2.767771607872810069e+00
2.742002014397940002e+00
2.275886960301229944e+00
2.201833930474350165e+00
1.874249822778399910e+00
2.554791909742049949e+00
2.752063820803349881e+00
2.801945382567939902e+00
3.085162090849329797e+00
2.090328606823419921e+00
2.193820026016109814e+00
2.340662198855610221e+00
2.969807160278170155e+00
2.990161192898479925e+00
2.226831810658719935e+00
2.456624103507059953e+00
2.295677034017470142e+00
2.338396724196260212e+00
2.873901597864460200e+00
2.983296946318330090e+00
3.000321259065410029e+00
2.194764024110889888e+00
1.970625776688289976e+00
2.301247088636209970e+00
2.163071882003820168e+00
1.946059060385119999e+00
1.974741904500949996e+00
1.887561040930010092e+00
3.138877166025599852e+00
3.093897747123850017e+00
2.999108782501730186e+00
2.881356121373090051e+00
2.985731765149080008e+00
2.029058950084499990e+00
2.167524092420209936e+00
2.311902131419489859e+00
2.952632639757370114e+00
3.000208411336589887e+00
2.494335512363860197e+00
2.416407489943099840e+00
2.337479228394029995e+00
3.248267603534650050e+00
2.952898945910519934e+00
3.469107418822039879e+00
3.280623891512910006e+00
2.387905689512499929e+00
2.906771272433520181e+00
1.885926339801430096e+00
1.605951157564869947e+00
1.874075745223030109e+00
2.245611359890910208e+00
2.303541626948890197e+00
2.393610296355289879e+00
1.956840490159230006e+00
2.000520840936189870e+00
2.026083620800990026e+00
2.954469248469830056e+00
2.733413956897980057e+00
2.897517129400529967e+00
2.895505418758269833e+00
3.109726998275479826e+00
2.595264683361360181e+00
2.712548691164629933e+00
2.656031087304650207e+00
2.804234871184629885e+00
2.524733559186520093e+00
3.248529886048550086e+00
3.097309380250630184e+00
3.349780512464950011e+00
2.568753045346470198e+00
2.729432090213229856e+00
2.591932328557729814e+00
2.771925378944199991e+00
2.760279202930230102e+00
2.948227079265000050e+00
3.107023318633999942e+00
1.671080232738850091e+00
1.799409479615130092e+00
1.726156466172749981e+00
2.243930536804279896e+00
2.033544376090949957e+00
2.353608520708640128e+00
3.144611564667989967e+00
2.815577748324269880e+00
3.239459650433380133e+00
2.392503499681749801e+00
3.050847444082259941e+00
2.145631415290329969e+00
2.024198232206869896e+00
2.265972830860830012e+00
2.375535592509499860e+00
2.425811271981189954e+00
2.402502112664219869e+00
2.248733229804800171e+00
2.326028468337010047e+00
2.180899686766229806e+00
2.243757141029929958e+00
2.269676357629870189e+00
2.128366953938079842e+00
2.530635055505360054e+00
3.019556595546160072e+00
2.677780270971379828e+00
2.917794243013419830e+00
2.850370502371640136e+00
2.860906709581799934e+00
2.661092996291739787e+00
2.761582068525540112e+00
2.496998797740090037e+00
3.016987401876079833e+00
2.082426300860769963e+00
2.178343738976220134e+00
2.223599764649689892e+00
2.558048229082989788e+00
3.287929313175200097e+00
3.246459187219480125e+00
1.959756672991000093e+00
2.567884690783710067e+00
2.322839272686319845e+00
2.908152468653330214e+00
2.678053790618859953e+00
2.871858868677870102e+00
3.334061502660389920e+00
2.654234315571399883e+00
1.985201858364570082e+00
2.890750666819520198e+00
3.044528001357349911e+00
2.091666957595680110e+00
2.075546961392530143e+00
2.216377057988169863e+00
2.568788212315349817e+00
3.290079152102200144e+00
3.080048967578850050e+00
2.853144346172610035e+00
3.135151740824570155e+00
3.077317022615269959e+00
3.064603977487109887e+00
3.020058662952279871e+00
2.951454092271830199e+00
2.278570701610520111e+00
2.800662100817670197e+00
2.265760916717610041e+00
2.404542949770080096e+00
2.591431931588089821e+00
2.476237290271070091e+00
2.369085920821509816e+00
3.162821203526189784e+00
2.261524556472669811e+00
3.073685364702460010e+00
2.904239345141160111e+00
2.984864716816860053e+00
2.931788296963380169e+00
3.282662889788280136e+00
2.329194415088450043e+00
2.777347061487819957e+00
2.320810726067629837e+00
3.071241134344159907e+00
3.114487549673969902e+00
3.452646499256080137e+00
3.083606522746459966e+00
3.596143873584630057e+00
1.658583715407059955e+00
1.783760695743920044e+00
2.808271756389510099e+00
3.062153118251360162e+00
2.639556209850189905e+00
2.624096372027890034e+00
3.142645962028189910e+00
3.077011601346860026e+00
2.659088637042489989e+00
2.944847720863239982e+00
3.093582764529740015e+00
2.402261382454680128e+00
2.122051962633249911e+00
2.366759055126329780e+00
2.024033897900909817e+00
1.895201474778889894e+00
1.940466677663529982e+00
1.853028614712989963e+00
2.225335131818539924e+00
2.189125206925529810e+00
2.082498138505779917e+00
2.981854834604940052e+00
2.903469828507169836e+00
2.748521375160729807e+00
1.823148059810689947e+00
1.612677918316500092e+00
1.807873132003330108e+00
2.239624765246139848e+00
2.013511333465900055e+00
2.100852826657300110e+00
2.210425541631090063e+00
3.051869963069839820e+00
2.768327251215770168e+00
2.837234798784419976e+00
3.244581391518710056e+00
2.212613696645060024e+00
2.268998958542669975e+00
2.321184027302309882e+00
2.459437724411730031e+00
1.788026884095800018e+00
1.845470132981670064e+00
1.773054693364259915e+00
2.865613216555459974e+00
2.754172441415160044e+00
2.562031018999180176e+00
3.247813750396209898e+00
3.018654737258259946e+00
2.589513971994439778e+00
2.764445147185199847e+00
2.430187970343499870e+00
2.429122176850849968e+00
2.687858792728389901e+00
2.873506605129730218e+00
2.826644845059489874e+00
2.654176541877959927e+00
3.174946108475780182e+00
3.387521518630909778e+00
3.002839667840929927e+00
3.225151562832329954e+00
3.326415747377129861e+00
2.776693921478159854e+00
2.994809689702190081e+00
3.278637011522619993e+00
3.043456594182329944e+00
2.165244326125309815e+00
2.016699138064970143e+00
2.087248867795659990e+00
2.615487118398660105e+00
2.951842444691429979e+00
3.193238724856170219e+00
3.229410483457340053e+00
2.885564747871789848e+00
2.461753566125460146e+00
2.001647191346040078e+00
2.290145954647810012e+00
2.523720460375320052e+00
2.897209087906880143e+00
2.483401844299180095e+00
2.530903734802759875e+00
2.587160734706190013e+00
3.070595622907160038e+00
3.061674847274090006e+00
2.900181352923170142e+00
3.255759606754829782e+00
2.957142578050710124e+00
2.919689859537589971e+00
3.130494588523470068e+00
2.906954251102180198e+00
2.417006425118799928e+00
2.282009999342049955e+00
2.520155886944860146e+00
2.849468553249530078e+00
3.209622234511550154e+00
2.849013801023060122e+00
3.179290331539129877e+00
3.487504612772789780e+00
2.628644322284610091e+00
3.330930965704089974e+00
2.683983095679019826e+00
2.291590825657999986e+00
2.334373318799209951e+00
2.305523333211259907e+00
2.365918322176340016e+00
1.739888655084540048e+00
2.199316274253099834e+00
2.290724480019219911e+00
2.438336623263840153e+00
1.940964493492800091e+00
2.093736784562339803e+00
1.615950051656400044e+00
2.899754861021039964e+00
2.660030223038670094e+00
2.645824934968739939e+00
2.939039766528619868e+00
3.032026136949019790e+00
3.006273455202780109e+00
2.719753772612360176e+00
2.858873915908859864e+00
3.185326795657049903e+00
2.261524556472669811e+00
2.985228818385389893e+00
2.725405204471900156e+00
3.010639116736629983e+00
2.523186984950350098e+00
2.866836507191429906e+00
2.923560036840420207e+00
2.999769762906370207e+00
3.089629617821710195e+00
3.264172983683939933e+00
2.982207893809030175e+00
3.063228244715349824e+00
2.984288723387800157e+00
2.555046056525020148e+00
2.865761140043720179e+00
3.076556707408129920e+00
3.013111207596590013e+00
2.685338597906290037e+00
3.188740108088819802e+00
2.867461595085260218e+00
2.261524556472669811e+00
2.514746924634379877e+00
2.195871989459329932e+00
2.543049360639530132e+00
3.033512213872069818e+00
2.773406088015140103e+00
3.047773143707920074e+00
2.361859992489289795e+00
2.793476070790470001e+00
2.893678555911140204e+00
3.026737494238750159e+00
3.090801022470469839e+00
3.377005565670040177e+00
2.896823728531960018e+00
2.365450544097570162e+00
2.308692442201259798e+00
2.326929537043509910e+00
3.001915351793929876e+00
2.965338131814990064e+00
2.879428500836440197e+00
3.102176345980829808e+00
2.677223582548270198e+00
3.332856393443849985e+00
3.235987748109089956e+00
3.383632277652679932e+00
3.177553813650459968e+00
2.960128153889499902e+00
3.019689430165350075e+00
3.200064885460680131e+00
3.026050901272450133e+00
2.677223582548270198e+00
2.923560036840420207e+00
2.999769762906370207e+00
3.089629617821710195e+00
3.264172983683939933e+00
2.392503499681749801e+00
2.844197496988409846e+00
3.031941410338729881e+00
2.862316273039540171e+00
2.896823728531960018e+00
2.773406088015140103e+00
2.515343893088379801e+00
3.041222882306219955e+00
2.634497422569349823e+00
2.661092996291739787e+00
2.761582068525540112e+00
2.496998797740090037e+00
3.016987401876079833e+00
3.036057710071600191e+00
3.134218558082209949e+00
3.101131616599030139e+00
2.210425541631090063e+00
3.051869963069839820e+00
2.768327251215770168e+00
2.837234798784419976e+00
3.244581391518710056e+00
3.144611564667989967e+00
2.815577748324269880e+00
3.239459650433380133e+00
3.200001865406600032e+00
3.220787776165880079e+00
3.301841367948270101e+00
3.058027231970910087e+00
3.407242998192010042e+00
3.320378955745680205e+00
3.332856393443849985e+00
3.235987748109089956e+00
3.383632277652679932e+00
3.177553813650459968e+00
2.656031087304650207e+00
2.804234871184629885e+00
2.524733559186520093e+00
3.248529886048550086e+00
2.261524556472669811e+00
3.290079152102200144e+00
3.080048967578850050e+00
2.853144346172610035e+00
3.135151740824570155e+00
3.077317022615269959e+00
3.064603977487109887e+00
2.194764024110889888e+00
1.970625776688289976e+00
2.301247088636209970e+00
2.163071882003820168e+00
1.946059060385119999e+00
1.974741904500949996e+00
1.887561040930010092e+00
3.138877166025599852e+00
3.093897747123850017e+00
2.999108782501730186e+00
2.881356121373090051e+00
2.361859992489289795e+00
2.793476070790470001e+00
2.893678555911140204e+00
3.026737494238750159e+00
3.090801022470469839e+00
1.794697126892000005e+00
1.776192514747070073e+00
1.902329305858319941e+00
2.964221904824869913e+00
3.236164273156859839e+00
2.963905826118700126e+00
2.914951061127879939e+00
2.361859992489289795e+00
2.793476070790470001e+00
2.893678555911140204e+00
3.026737494238750159e+00
3.090801022470469839e+00
2.515343893088379801e+00
3.041222882306219955e+00
1.946059060385119999e+00
1.974741904500949996e+00
1.887561040930010092e+00
3.138877166025599852e+00
3.093897747123850017e+00
2.999108782501730186e+00
2.881356121373090051e+00
3.144611564667989967e+00
2.815577748324269880e+00
3.239459650433380133e+00
2.465977368285820148e+00
2.067740202926239945e+00
2.368491429415810146e+00
2.851784077221600100e+00
3.057723144097539869e+00
2.814733573681179823e+00
2.281624151440199810e+00
2.493220971651690210e+00
1.823148059810689947e+00
1.612677918316500092e+00
1.807873132003330108e+00
2.239624765246139848e+00
2.013511333465900055e+00
2.100852826657300110e+00
1.658583715407059955e+00
1.783760695743920044e+00
2.808271756389510099e+00
3.062153118251360162e+00
2.639556209850189905e+00
2.624096372027890034e+00
2.951842444691429979e+00
2.269676357629870189e+00
2.128366953938079842e+00
2.530635055505360054e+00
3.248267603534650050e+00
2.752063820803349881e+00
2.776693921478159854e+00
2.329194415088450043e+00
2.777347061487819957e+00
2.320810726067629837e+00
3.071241134344159907e+00
3.061674847274090006e+00
2.900181352923170142e+00
3.255759606754829782e+00
2.387905689512499929e+00
3.201397124320449983e+00
3.213862930386819805e+00
2.804561930962420124e+00
2.784074977478700141e+00
2.387905689512499929e+00
3.193238724856170219e+00
3.229410483457340053e+00
2.885564747871789848e+00
3.032026136949019790e+00
3.006273455202780109e+00
2.719753772612360176e+00
2.858873915908859864e+00
3.185326795657049903e+00
2.982207893809030175e+00
3.063228244715349824e+00
2.984288723387800157e+00
2.720167575603019916e+00
2.793175513708269886e+00
2.711309402572859906e+00
3.130327334455019983e+00
3.015539975373120019e+00
2.953856298224990073e+00
2.994809689702190081e+00
3.278637011522619993e+00
3.043456594182329944e+00
2.981854834604940052e+00
2.903469828507169836e+00
2.748521375160729807e+00
2.677780270971379828e+00
2.917794243013419830e+00
2.850370502371640136e+00
2.860906709581799934e+00
3.036057710071600191e+00
2.776693921478159854e+00
3.001915351793929876e+00
2.965338131814990064e+00
2.952632639757370114e+00
1.895201474778889894e+00
1.940466677663529982e+00
1.853028614712989963e+00
2.225335131818539924e+00
2.189125206925529810e+00
2.082498138505779917e+00
2.733413956897980057e+00
2.897517129400529967e+00
2.895505418758269833e+00
3.109726998275479826e+00
3.018654737258259946e+00
1.940964493492800091e+00
2.093736784562339803e+00
1.615950051656400044e+00
2.899754861021039964e+00
2.660030223038670094e+00
2.645824934968739939e+00
2.939039766528619868e+00
2.897209087906880143e+00
2.483401844299180095e+00
2.530903734802759875e+00
2.587160734706190013e+00
3.070595622907160038e+00
2.543049360639530132e+00
3.033512213872069818e+00
2.872930899174459984e+00
3.114487549673969902e+00
3.452646499256080137e+00
3.083606522746459966e+00
3.596143873584630057e+00
2.985228818385389893e+00
2.725405204471900156e+00
3.010639116736629983e+00
2.523186984950350098e+00
2.866836507191429906e+00
3.287929313175200097e+00
3.246459187219480125e+00
3.162821203526189784e+00
3.004149341900060222e+00
2.712548691164629933e+00
2.555046056525020148e+00
2.865761140043720179e+00
2.969807160278170155e+00
2.765914312276790188e+00
3.123397516906130100e+00
2.909705760144880138e+00
2.832496139151269965e+00
3.236401208265660134e+00
3.079658707422079811e+00
1.788026884095800018e+00
1.845470132981670064e+00
1.773054693364259915e+00
2.865613216555459974e+00
2.754172441415160044e+00
2.562031018999180176e+00
1.503245771465109959e+00
1.770041554319669919e+00
1.787035182026220026e+00
1.728759475167870097e+00
1.871923031882370081e+00
1.972156535859489912e+00
2.848145993412559918e+00
2.775406540203749994e+00
2.890275670716489831e+00
3.010227850984469988e+00
2.194764024110889888e+00
1.970625776688289976e+00
2.301247088636209970e+00
2.163071882003820168e+00
3.387521518630909778e+00
3.002839667840929927e+00
3.225151562832329954e+00
3.326415747377129861e+00
3.076556707408129920e+00
3.013111207596590013e+00
2.685338597906290037e+00
3.188740108088819802e+00
2.677223582548270198e+00
3.248267603534650050e+00
3.020058662952279871e+00
2.951454092271830199e+00
3.212589740049430098e+00
3.224942044261790208e+00
2.897313626476639925e+00
3.326409602787399944e+00
2.957142578050710124e+00
2.919689859537589971e+00
3.130494588523470068e+00
2.906954251102180198e+00
2.985731765149080008e+00
2.589513971994439778e+00
2.764445147185199847e+00
2.461753566125460146e+00
2.226831810658719935e+00
2.456624103507059953e+00
2.295677034017470142e+00
2.338396724196260212e+00
